[240  77 180  91 288 175 216 245 264  35 144 275 252  55 168  65 192]
[119 120 133 270 143  72  85  96  95 108 115  84 125 126 145 132 155]
[ 60 161  90 187 210 209 156 185 198 203 204 205 224 215 228 217 234]
[221 150 247 280 253 140 121 276 235  48 259 162 265 112  25 176 287]
[160  49 200  99 260 153  80 169 272   5 208 289  36  11 196 225 256]
[189 220 273 100 231  40  63  88 105 104 135  56  13  24  17 128 165]
[110 117 136 147 130 171 170 207 152 255 154 195 184   7  30  19 182]
[243  70 261 190 279 230  81 232  45 248 285 238  75 286  23  42  29]
[250  27 266  33  64  21  20  39  28  15  32  57  44  51  50  31  54]
[ 69  52  87  68  93  76 111  92 123  98 129 116 141 124 159 148  41]
[164 177 172 183 188 201 212 213 236 219 242 237 244 249 268 267 284]
[ 9 16  3  8 37 10 43 14 47 22 53 26 59 34 61 38 67]
[ 46  71  58  73  66  79  78  83 102  89 114  97 138 101 174 103 186]
[107 222 109 246 113 258 127 282 131  12 137  18 139   6 149  62 151]
[ 74 157  82 163  86 167  94 173 106 179 118 181 122 191 134 193 142]
[197 146 199 158 211 166 223 178 227 194 229 202 233 206 239 214 241]
[218 251 226 257 254 263 262 269 274 271 278 277   4 281   2 283   1]

