[360  77 240  91 180 119 288 175 216 245 264 325 336 275 252  55 168  65
 144]
[133 300 143 120 161 270 187 312  35 324  85 192  95  72 115  84 125  96
 145]
[330 203 320 209  60 217  90 253 108 155 126 185 132 205 156 215 198 221
 224]
[247 150 259 160 287 200 299 210 319 204 235 228 265 234 295 276 301 220
 351]
[280 323 260 189 340 231  80 341 140 121 294 305 306 329 342 335 348 343
 352]
[297 350  99 208  63 272 273 304 117 112 355 308  25  48  49 162 169 176
 315]
[100 153 196 225 256 105  88 135  56 165 104 255 128 289  36 361  24   5
 136]
[357  40 171 154 195 152 345 182 285 184  45 232  75 248   7  30  11  42
  13]
[110 147 130 207 238 243 266 261 286 279 296  81 322 333 170  19  54  17
  66]
[ 21 190  27  70  33 230  39 250  51 290  57 310  87 328  69 344  23  78
  29]
[ 64  93  20 111  28 123  32 129  44 141  50 159  52  15  68 177  76  31
 102]
[183  92 201  98 213 116 219 124 237 148 249 164 267 172 291 188 303 212
  37]
[236 309 242 321 244 327 268 339 284   9 292   3 316  41 332  43 338  47
 114]
[ 53 356  59  16  67   8  61  10  73  14  71  22  83 138  79 174  89 186
  97]
[222 101 246 103 258 107 282 109 318 113 354 127  12 131  18 137   6 139
  26]
[149  34 151  38 157  46 163  58 167  62 173  74 179  82 181  86 191  94
 193]
[106 197 118 199 122 211 134 223 142 227 146 229 158 233 166 239 178 241
 194]
[251 202 257 206 263 214 269 218 271 226 277 254 281 262 283 274 293 278
 307]
[298 311 302 313 314 317 326 331 334 337 346 347 358 349   4 353   2 359
   1]

