[840 143 720 539 360 637 480 833 540  77 600  91 660 119 780 133 792 455
 576 385 432 595 528 665 624 805 648 715 504]
[187 420 209 240 161 810 203 180 217 816 247 288 221 300 253 450 259 396
 175 468 245 684 325 612 275 768 425 672 475]
[630 299 756 319 800 287 828 301 120 329 216 575 336 323 560 341 270 343
 264 725 312 605 252 775 588 625 168  55 378]
[377 700 391 210 403 330 371 384 407 390 413 408  65 462 437 280 451 456
  35 552  85 546  95 594 115 616 125 696 155]
[440 351 640 473 510 427 520 469 570 493 690 481 714 145 702 517 680 497
 744 185 728 205 144 215 798 235 324 265 784]
[819 760 693 400 511 750 527 192 533 770 551 320 559 448 295 832 567 704
 305  72 335  84 355  96 365 108 395 126 415]
[160 441 200 189 220 553  60 581  90 589 132 611 140 297 224 495 416 315
 352 445 156 485 198 505 204 515 228 535 234]
[231 260 357 380 273 340 583 150 623 276 545 294 629 350 429 392 675 544
 525 572 565 306 635 308 655 342 649 348 671]
[460 399 500 459 550 483 580 679 372 685 364 667 486 689 476 585 532 825
 608 735 736 695 414 697 444 707 492 703 490]
[513 620 561 644 663 740 621 650 721 516 713 564 731 522 737 812 765 112
 405 748 225 836 745 558 749 636 755 708 779]
[820 609  80 627 368 651 176 777 208 763 666 767 726 785 732 781 304 135
 272 105 464 195 496 791 738 793 774 799 804]
[741 512 759 592 165 656 255 688 285 752 803  48 815 162 817  36 835 196
 345 256 375 484 435 676  25  24  49 100 121]
[ 40 783  56 465 104 555  88 615 128 645 136 169  42 289  30 361  54 529
 152 705 154 795 182 837 184 841  66   7  78]
[729  70  99 232  45 238  75 248  63 286 147 110  13 114  11 102   5 174
  17 266 117 296 153 130 171 170  19 138  29]
[190 207 250 243 322 261 328 333 230 279 290 369 310  23 186  37 246  31
 222  41 344 363 370 387 374 423 406  43 282]
[477 376 507 410 531 418 549 424 603 430 639 434 657 442  47 258  53 354
  61 318  59 470 711 472 747 488 801 494  67]
[506  81 518  27 530  21 536  15 568  33 574  39 590  57 584  71 366  73
 402  79 426  83 598  51 602  69 610  87 632]
[ 93 638 123 646 111 664 129 658 159 670 141 682 183 686 177 712  97 474
  89 438 101 534 103 710 201 730 213 742 219]
[754 237 776 249 782 267 790 291 806 303 814 309 808 321 824 327 826 107
 498 109 582 113 606 127 830 339  64 381  20]
[393  28 411  32 417  44 447  50 453  52 471  68 489  76 501  92 519  98
 131 618 137 642 139 654 149 116 537 124 543]
[148 573 164 579 172 591 188 597 212 633 236 669 242 681 244 687 268 699
 284 151 678 157 762 163 786 167 292 717 316]
[723 332 753 338 771 356 789 388 807 404 813 412 831 428   9 436   3 452
 173 822 179 834 181  12 191  18 193 508 197]
[524 199 548 211 556 223 578 227 596 229 604 233 628 239 652 241 668 251
 716 257 692 263 722 269 724 271 764 277 772]
[281 788 283 796 293  16 307   6 311   8 313  10 317  14 331  22 337  26
 347  34 349  38 353  46 359  58 367  62 373]
[ 74 379  82 383  86 389  94 397 106 401 118 409 122 419 134 421 142 431
 146 433 158 439 166 443 178 449 194 457 202]
[461 206 463 214 467 218 479 226 487 254 491 262 499 274 503 278 509 298
 521 302 523 314 541 326 547 334 557 346 563]
[358 569 362 571 382 577 386 587 394 593 398 599 422 601 446 607 454 613
 458 617 466 619 478 631 482 641 502 643 514]
[647 526 653 538 659 542 661 554 673 562 677 566 683 586 691 614 701 622
 709 626 719 634 727 662 733 674 739 694 743]
[698 751 706 757 718 761 734 769 746 773 758 787 766 797 778 809 794 811
 802 821 818 823 838 827   4 829   2 839   1]

