[10080  2431 12600  2717  7560  3289  5040  3553 10920  4301  8400  4147
 10800  7007 12240 10241  9360  9163 12960 10829 11880 12103  7920  8281
 13200  1547  8640 11011  7200 12397 12480  5929 11520 13013  6480  1001
  4320  1309 11700  1463  4680  1771  5400  1729 10560  2093  9900  2261
  3960  2639  5280  2737  5760  2233  6120  2387  6240  2849  6840  2821
  5940  3059  6600  3367  8160  3157  7020  3311  7800  3451  8280  3619
  9000  3689  8580  3857  9180  3731  9120  3773  9600  3913  9504  7735
 12672  8645  6336 10465  9792  5005 10944  6545 11232  7315  7488  8855
  5616  9625  7344 11165  8208 11375  4752 11305 10296  2975  6864  3325
  7128 13195  8976  2275  9936 11935  8424]
[ 4199 11340  4433 11760  4807  6720  5083 12096  5423 13104  5797  6300
  5291  9720  4081 10200  4123 10440  4277 10260  4403 11040  4459 11160
  4669 11400  4543 12000  4697  3600  4879 12420  4823  8100  4921  2880
  4991  4800  5117  2160  5159  3120  5453 11220  5369 12540  5551  2640
  5593  3240  5681  6000  5467  4080  5621  4560  5831  5520  5863  6960
  5719 12870  5957  7440  6061  7680  6083  8880  6251  8910  6097  9840
  6149 10368  6293 10320  6391 11016  6461 11280  6307 10032  3185 12144
  4165 12528  4025 12312  1925  4896  2695 11856  4235 10608  4655  3744
  4675  5472  3575  6624 12155  6912  5075  3168  5425  5148  5635  6732
  5915  7524  6125  7776  5225  7956  6325]
[ 9240  6409  8820  6479  9072  6721  2520  6851  3360  6919  3780  7163
  4200  7337 10530  6517 11440  6601 12720  6643  1440  6853  1800  6923
  1980  7021  2340  7049  2400  7189  2700  7259  3300  7429  3840  7469
  3060  7511  3420  7553  4140  7667  3900  7567  4500  7889  4860  7657
  4950  7847  5100  7579  5220  7733  5580  7777  5700  7931  6660  7843
  5850  7973  7260  8099  6900  8029  7380  8041  8352  8113  7650  8239
  8460  8177  7740  8323  8550  8393  8700  8437  8928  5525  8448  6175
  8712  6475  8892  7105  9984  7175 10656  7525 10764  7595  9108  8075
  6048  7475  8064  7865  9576  7975 11628  8225 10692  8575 11484  9065
 11616  9275 11808  8525  6552 10175  8568]
[ 8671 11088  9061  5880  8569  7140  8723  7980  8789  5460  8987  9450
  9139 10500  9361  9300  8449  8800  8687  9540  8701 10140  8533 10400
  8729 10350  8897 10620  8827 10890  8911 11100  9191 10980  9269 12060
  9317 12150  9331 12300  9367  8190  9823 12168  9401 12276  9373 12384
  9443 12636  9499 12780  9503  9660  9581 12900  9541 13056  9709 13050
  9779 13140  9737 13068  9877  5184  9821 11664  9295  9216  9889  1080
  9911 10584 10013  1320  9919  1920 10087  2040  9947  2376  9425  5544
  9775  2808 10045  3432 10115  3456 10075  3672 10325  4104 10535  4224
 10925  7392 12025 11424 11275  8736 11825  4968 10675  4488 11515  4992
 11725  5016 12325  9828 10285 11592 11495]
[ 4620 10127  6930 10387 12180 10153 10710 10373 11970 10879 12852 10439
 13020 10621  7056 11033  1560 10199  2280 10283  2760 10507  2970 10591
  3000 10549  3480 10619  3720 10759  3510 10633  4440 10703  4590 11039
  4920 10787  4290 11137  5640 11077  4032 12925  5928 12425  6072 12635
  5304 12775  6264 11063  8316 11609  9408 11297  5130 11431  5160 11407
  6210 11473  6360 11339  5720 11501  5610 11557  6528 12985  7176 11543
  6696  6875  3024 11687  6270 11713  6750 11627  6630 11753  7296 13175
 12012 10625  7656  4375  7722 11875 12936  8125  7752 12005  7992  1225
  8184  4225 12768  3025  4368  7225  4536  9025  8832   455  8856 13225
  9048   595  9288   935  6384   715  5712]
[11951 11550 12121 12320 12259 11200 11803  1680 11869  5670 11891  9520
 12331  7728  1045  9744 12529  7080 11921  7040 11837  7320 11977  7410
 12019  7830 12089  8040 12173  7480 12341  7590 12257  8320 12383  8250
 12467  8360 12691  8370 12551  8520 12617 10752  1265  9672   665  9384
   385 10152   805 10098  1235  3696  1105 10416 12727  8760 12649  9480
 12733  8970 12749  7280  8721 10120 12803  9570 12719  9768   875 10488
  1015 11448  1375 12432 12857  6160 12673  8840 12859  9690 13079  2016
  1615 12474  1495 10824  1085 11136  1625  2772  1885 11286  1435 11352
  1295 11832  1705  3276  1595  3528  1955  4704  2015 12408  1505 11544
  1645 11904  1715 12744  2035  4284  2185]
[12880 13039 10640  5967  5600 11583  7840 13091  1260  1573  2100  1859
  2940  2057  5292  2125  4788  2783  9960 12901  9750 12971  9880   539
  9990   637 10680   833 10230   931 10880  1183 11000  9639 11960  1421
 11070  1127 11310   847 11610  1519 11640  2299  5376  2255 11934  1855
 12648  2065 12792  2135  1584  2375  5796  2365  6804  2873 12120  1813
 12090  2009 11730  3509  8960  6669 12760  2023 12160  2107 13176  2345
  1872  2465  7644  2585  7308  3211  3150  3751 12360  2303 12750  3887
  6468  2405  7812  2755  2448  2485 13224  2635  9324  2665  2592  2555
  2736  2765  3312  2915  9996  2795  9702  2875 10164  2945  3564  2905
  3888  3055  4176  3115  4212  3245 10332]
[ 3861  9800  5049  4480  5643 11900  6831  4760  3971  4410  3179  7350
  3757 10836  3145 11172  3335 11466  4477 12690  2527 12210  2597 12840
  2891 12920  2989 13000  3283 13080  3479 13110  3577  4400 10773  5200
  3703   720  3871  1200  4067  1620  4361  4050  4693 11844  3355  4464
  3395  4608  3515  5508  3445 12348  3485  1512  3565  1848  4901  5808
  4753  5328  4949  5904  5203  6440 10881  7600  9009  6800  4961  6156
  3535  6192  3625  2184  3655  2688  5239   840  5491  7452  5047  6768
  3835  2856  3685  3864  3875  7632  3605  8112  3895  4158  3965  8496
  3745  8784  3815  9396  3905  3192  3995  4872  4085  4914  4255  9648
  3955 10044  4015 10224  4345  5208  4355]
[ 5320  7293  7000  8073  8120  8151  8680  8613  9100  5687 12740  5819
  1890  6137  6006  4495  6216  4465  6426  6253  7500  5243  9200  5341
  9680  7371 11600 11781 12400  5537 10512  5887 11250  6223 12800 13167
  4160  6413 11952  6419 11376  6647 11988  6713 12816  4505  6888  4565
  1728  4445  2112  4585  3264  4615  7182  4625  7224  4715  7854  4745
  3648  4795  2496  4865  4416  6929  7700 10179  5440  6237  6080  6727
  5568  4895  7896  4945  8008  5015  8232  6877 10780  7267   960  6811
  5832  5035  8694  5125  8778  5135  5952  5185  8904  5365  9856  5375
  7104  5215  7872  5285  8256  5335  9912  5395 10248  5405  9282  5555
  9024  5495 10176  5605 10962  5665 11718]
[ 9207 10360  9867 11480 10557 12040 10659  3640 10989 11648 11799 12376
  7139  2730  8303 10472  5785 10626  5735 11256  7381  7290  7301  3520
 13041  8000  4851  7360  5733  9280  7399  9152  7693  9920  7497 11840
  7623 13120  7943 11328  5695 10374  5875 11712  5705 12864  5795 11928
  5885  2304  5845 11968  5945 11704  6035 12264  5995  1008  6095  2268
  6205  4356  6055  6084  6215  2352  8381  3080 12987  6400 10143 12100
  7987 10404  6235  7938  6355 12558  6365  8624 12597 13160  8107   900
  8183 12288  6305  1344  6565  4928  6625 10192  6655  5824 11475  8512
  6665 12996  6265  1296  6335   864  6695  7616  6745 10206  6785 12992
  6715   792  6685   936  6935 10304  6815]
[ 2800 12177  3920 12441  2240 12903  4900 12771 12544  7425  2912  9405
  3808  8591  3570  8957  1764  6955   504  6985   672  8833 10000  8379
  1760 10647  2720 11907  2200  2457  3040 12789  2080  2079  2600  3213
  3200  3003  3400  8477  1056  7015   756  7055  1152  6755  1188  7085
  1176  7205  1224  6895  1248  7285   924  7345  1368  7375  1092  7505
  1386  7565  1404  6965  1632  7535  1596  8959  1120  9801  3800  4347
  2860  8771  1656  7585  1428  7625  1638  7685  2464  9477  1400  8993
   360  8869  1824  7645  1836  7705  1716  7885  1932  7955  4004  6885
  4256  8165  1944  7385  2052  7805  2088  8195  2142  8215  2244  8255
  2208  7945  2232  8015  2484  8245  2394]
[ 8019  1820 12393  1960  1287  2660  1683  3220  1881  5096  8415  5152
  6435  6272  9251  3990  9559  2436  8305  2604  8375  2646  9971  3680
  3591  3740  5187  4000  4641  4180  5481  4420  4389  4600  3927  4640
  5313  4960  6279  4840  9359  2508  8395  2574  8155  2652  8365  2664
  8455  2784  8435  2904  8555  2898  8515  2952  8585  2964  8635  2976
  8695  3036  8755  3096  8785  3132  8815  3108 10043  2380  2277  4940
  5859  4576  8845  3234  8875  3348  8965  3384  8905  4312  1989  1540
 10051   480  9457  3552  8995  3366  9085  3402  9035  3444  9095  5852
  8775  5236  9125  3588  9145  3762  9205  3816  9185  3612  9215  3654
  9265  3828  9415  3876  9455  3822  9515]
[ 3500  2673  4060  2223  4340  2691  5180  2871  4550  2907  6496  9945
  6944 10725  6664 10309  4830 10571  3936  9545  3906  9595  3948 10469
  5060  6993  5500  6783  5800  7749  5920  6699  5980  7161  6500  8127
  6200  7917  5984  8463  6380  9583  3978  9485  3996  9635  4056  9605
  4092  9685  4128  9695  4392  9715  4116  9785  4248  9805  4428  9815
  4452  9875  4446  9835  4512  9845  4524  9955  4644 10769  5740  3069
  6460  8883  6688 10105  4554  9905  4692 10165  4662 10205  6776  3159
 13090 10933   540  9653  4824 10235  4836 10295  4884 10355  4956 10375
  7084 11115  8096 10255  5076 10385  5088 10505  4998 10585  5082 10595
  5112 10735  5256 10615  5166 10795  5124]
[ 3267  5950  3627  3850  3393  5390  3519  6020  3663  6370  3933  8288
 11385  7448 12375  9016 10693  5250 11191  5346 10855  5412 10915  5382
  9751  6560  8211  6760  8547  6880  9177  7072  9261  7400  9471  7520
  9933  7820 10017  8140 11067  7150 10339  5244 10745  5664 10835  5418
 10865  5586 10945  5688 10885  5676 10985  5628 11005  5742 10955  5724
 11125  5772 11095  5814 11155  5856 11135  5922 11245  5916 11323  6580
  4059  7540 11151  7904 11285  5976 11315  5964 11395  6132 11455  9044
  4329  6650 11737   600 10927  6138 11585  6144 11615  6174 11605  6188
 12825  8932  5265 10208 11635  6204 11645  6318 11845  6324 11765  6372
 11795  6396 11815  6408 12035  6432 12065]
[ 6860  4257  7420  4131  6820  4437 10010  4617  8050  4653  8060  4959
  9184  4455  6916 10125  8372 11849  2310 11999  6534 12125  6588 12095
  6612 11123  8200 10353  8480 10101  8500 10857  8600 11193  8740 11319
  9400 11529  9020 11571  9440 12369  9350 11221  6708 12145  6786 12245
  6762 12265  6636 12305  6816 12215  6936 12415  6678 12395  6984 12355
  6996 12445  7008 12455  6972 12485  7068 12505  7038 12545  7272 12337
  8260  4743  9460 12663  9568 12565  7236 12535  7098 12595  7254 12625
  9548  4563  8330 12221   780 11417  7326 12665  7332 12685  7416 12815
  9464  7695  9632  9315 10336 12805  7434 12835  7476 12875  7548 12845
  7584 12865  7668 12935  7686 12905  7704]
[ 4719  8540  4797  8470  5031  9310  5589  9380  5247  9500 12243  9620
  5301 10528 11745  9724 12555 10556 12427  6090 12493  7788 12995  7848
 13055  7866 11711  9760 11739  9860 12831 10240 13209 10340  3969 10540
  5103 10450   819 10600   693 10660  1197 10720 11767  7884 13015  7968
 13115  8004 13135  8052 13205  8118   175  8136 13145  8148   275  8262
   245  8268   425  8436   325  8364   575  8442   475  8484   605  8526
 12463  9940  5499 10912 11025 10868   725  8514   775  8532   925  8544
   845 10948  5577 10150 12947  1020 11809  8556  1025  8652  1075  8658
  1175 10976  2475 11284  5175 11368  1325  8664  1445  8748  1475  8772
  1525  8844  1805  8874  1675  8946  1825]
[10220  5661 10850  6003 11060  5841 11020  6039 11050  1323 11180  1071
 11360  6171 11872  4275 11396  3825 12064 13189  7770   221  8964  1775
  9126  1975  9144 12299 11500  1617 11560  1449 11660  1701 11680  1827
 11780  1911 11800  1953 12200  2331 12220  2499 12350 12593  9204  2225
  8988  2075  9114  2425  9156  2525  9234  2575  9198  2645  9312  2675
  9306  2725  9348  2825  9372  3125  9432  3175  9438  3275  9486  3425
  9492   143 11270  6201 12512  4725 12584  3475  9516  3725  9588  3775
  9612  3925 12152  6273 11620   209  1170 12887  9636  4075  9594  4175
  9696  4205 12236  5445 12896  6075 12628  4325  9804  4475  9864  4525
  9888  4775  9954  4805  9918  4825 10008]
[ 6327 11830  6579 12250  6417 12460  6633 12580  2541 12640  2583 12650
  2709  5120  6897 13216  2925 13024  5355 10816   187  6510   247 10212
  4925 10062  4975 10272 12943  1600  2793 12980  2961 13156  3087 11264
  3339  7744  3381   880  3549  1360  3717  1040  3843  1520 13181 10428
  5275 10452  5575 10458  5675 10464  5725 10476  5825 10494  5975 10602
  6025 10668  6275 10716  6425 10728  6575 10788  6725 10812  6775 10848
  6845 10872   319 12950  6903  2992  5985  2288  6925 10878  7025 10908
  7075 10956  7325  7168  7011  3136   253  1140  2401 10998  7675 11004
  7775 11076  7825  1456  6525  1232  6975  1904  7925 11124  8275 11154
  8405 11178  8425 11214  8675 11304  8725]
[  560  7029  1840  7047  2000  7137  2128  7227  2320  4221  2480  4263
  2560  4473  2960  7191  2576  7605  3344  6615  3952   391  8610   323
 11316  8825 11322  8975 11388    77  3280  4557  3440  4599  3536  7245
  5104 12285  5168  4977  3760  5229  4048  5439  4240  5607  4720    91
 11556  9175 11508  9245 11676  9325 11682  9475 11736  9575 11748  9725
 11772  9925 11868 10025 12006 10225 12024 10475 12036 10525 12054 10775
 12078 10825 12084   299  3248  8325  4784  7875  5456 10975 12138 11045
 12192 11075 12204 11225  3472  9075  3584   341  1350   119 12324 11425
 12222 11525 12342 11575  4144  9225  4816 10575  4592 11675 12402 11975
 12444 12175 12456 12275 12516 12475 12546]
[ 7353  4880  6027  5000  6069  5360  7533  5264  7659  5632  6111  5680
  6321  5840  6363  6032  9675  5488 11925  6256 10395  6448   407  9030
   377 12576 12575 12642 12725 12654   161  6320  6489  6512  8505  6656
  8925  6992  3465  7696  6741  7120  6867  6640  6909  7216  7119  7568
 13025 12684 13075 12696   625 12726    65 12804    35 12834    85 12876
    55 12888    95 12948   125 12972   133 13032   115 12978   145 13152
   155 13158   185 13188   205  5936 13005  8272  4095  7888   215  3072
   203   576   217  2916   235  6608 12675  6832   403   660   259   432
   265   336   295   528   305  7504  1485  7952  1755  8176   335   624
   287   648   301   816   355   912   329]
[ 7760  7581  8080  7791  8240  7803  8528  2295  8816  6825  8432  7821
  8560  7839  8704  5775  9424  2145  8848  2565  8944  8085  9728   451
  9870   437  1134   365  1104   343   990   371  8720  8001  9328  9135
  9776  9765 10064  9975 10384  8037  9040  8091 10160  8109 10480  8307
  9296   395  1392   413  1488   415  1536   427  1776   445  1782   469
  1968   473  2106   485  2064   481  1380   493  2256   505  2544   497
  2754   511  2832   515  2928   517  9968  3105 10736  9555 10672   527
  1500   533  1530   551  3216   535 10864  2805 11248   553  1650   559
  3078   545  3408   565  3504   583 11152  3135 11312  3315 11408   581
  1710   611  1740   589  3726   623  1860]
[ 8217 10960  8253 11120  8349  8750  8811 11024 11655 11696 12075 12272
  8487 11536  3375 11776 12495 12464  3795 11984  3915 12688 12705 12784
   649 10290   629  3792   635  3984   667  1950   671 11920  8541 11792
 12915 12496  2835 12848 13125  2816  8619 12080  8631 12560  8673 13040
  8901 12208   655  4272   679  4698   685  4656   689  4848   695  4944
   703 11130   697  5022   707  2070   721  2220   713  5136   731  2250
   737  2430   749  5232   745  5424   755 12656  3705  3872  1575 13072
   763  2550   767 12810   779  5994   781  1568  4125  3328   791  2460
   793  6096   785  6288   799 12390   803  1792  4185  2156  4845  5408
   851   420   817   630   869  2580   871]
[  700  8991   800  8967  1280  9027   980  9333  4864  2205  4352  3675
  6292  4995  2548  4785  5888   945  7424  4485  3332  5115  9248  1155
  7936   893  1050   899  6576   815  6642   889  2610   901  1100  8757
  7436  1785  9196  1365  8228  1995  9472  9063  1300  9387  1700  9243
  1900  9537  3724   835  6672   865  6966   895  7152   905  7248   913
  1470   923  2790   917  2820   949  2850   943  3180   959  3330   973
  3450   979  3540   989  7536   955  7614   965  3388  4875 10496  2415
 11008  1007  3630  1003  3660  1027  3690  1037  4508  5535 11132  1043
  3870  1057  7824   985  8016  1067  4020  1073  4732  5805  5684  5865
  6076  1079  4230  1111  4260  1081  4350]
[ 9603  2300  9513  2420  9633  2450  9657  3100  9711 11552  2625 11492
  3045 12032  6105  8036  5655 12716  3255  1408  6045  7252  6345 12844
  3885  1144  1121  4380  1099  8304   995  8586  1133  4650  1139  2900
  9729  1664  4305  1496  4515  1768  4935  2024  9747  3380  9849  3700
  9891  4100  9999  8092  1055  8592  1115  8688  1135  9168  1141  4740
  1147  4770  1157  4980  1159  5310  1169  5070  1177  5340  1189  5490
  1199  5550  1207  5820  1211  9264  1145  9456  1165  8428  6375  1672
  5145  2176  1219  6030  1241  6060  1243  6150  1247  9212  7125  2392
  1253  6180  1261  9552  1195  9558  1267  6390  1271 10108  6765 10388
  6555 11564  1273  6420  1313  6450  1331]
[ 4300  9963  4700 10089  5300 10197  5780 10269  5900 10251  1976  5565
  2432  6195  2584  7095 11956  7155  2552  6405  2944  7395 11858  7905
  3016  7035  2728  1337  6540  1333  9882  1205 10128  1339  6570  1343
  6050 10323  3128  7215  3496  7455  3224  7665  3256 10431  7100 10413
  6100 10437  6700 10449 13132  1255 10854  1285 10704  1315 10896  1349
  6780  1351  7050  1357  7110  1363  7470  1379  7620  1387  7860  1391
  7950  1393  8010  1397  8220  1403 11184  1345 10992  1355   616  7965
  3608  8235   728  1411  8340  1417  8670  1441  8730  1469   896  7755
  3712  1457  8850  1477 11502  1385 11472  1501  8940  1507   952  7995
  1624  8385  1288  1513  9060  1517  9090]
[10521  7220 10527  7300 10593  7900 10701  8300 10731  8450 10791  3848
  8295  3784  8625  1064  8745  1736  9045  3944  8715  3968  8265  2002
  8835  4136  9345  4216  1529  9150  1537 11826  1405 11568  1541  9270
  1561  8900 10899  4408  9165  4664  9435  4264  9585  2072 10971  9700
 10863 10100 11109 10300 11169  2296  1415 12048  1465 12336  1535 12624
  1577  9420  1589  9630  1591  9780  1603  9810  1631 10020  1633 10050
  1639 10170  1643 10380  1649 10650  1651 12798  1555 12912  1565  2408
  9855  2618 10005  2632  1661 10740  1673 10830  1679 10860  1691  2744
  9735  2968  1703 10950  1687 13008  1585   252  1711 11430  1727  3304
 10065  3752 10335  2926  1717 11460  1739]
[10580 11187 10700 11223 10900 11253 11300 11271 12500 11277 12700 11403
  4472 10185  4712 10455  3416 10545  3094 10665  4736 10605  4862 10695
  3976 10875  4888 10815  5032  1757 11580  1751   288  1655   396  1763
 11790  1769 13100 11349  3542 10935  3458 10965  4088 11055  4424 11421
   280 11439   440 11457   520 11913  4186  1685   468  1735   588  1745
   612  1781 11820  1793 11850  1799 11940  1807 12330  1817 12450  1819
 12510  1829 12660  1837   240  1841   810  1843   768  1765   684  1795
  4466 11205  4522 11505  4648  1853  3750  1883   180  1891   300  1903
  4984 11625  5192  1897   450  1909   882  1835   828  1919   972  1865
  5248 11715  5336 11895  4774  1921  1044]
[11613   640 11661   680 11817   760 11979   920 11997  1000 12033  1160
 12087  5368 11235  5434 11985  5278 11685  5432 12015  5504 11445  5512
 12045  5474 12255  5576 11865  5624  1927  1116  1895  1332  1915  1452
  1937  1476  1939  1240 12051  5656 12765  5642 13035  5704 13065  5698
 12141   770 12213   910 12267  1190 12483  5768  1943  1548  1945  1692
  1957  1908  1963  2124  1961  2028  1967  2178  1981  2196  1969  2412
  1991  2556  2021  2628  2033  2844  2041  2988  1985  3042  2005  3204
  2045  5848 13095  5896  2025  5992  2047  3468  2051  3492  2059  3636
  2071  6016  5625  6136  2077  3708  2095  3852  2101  3924  2105  4068
  2117  6104  3645  6118   585  6232  2119]
[ 1430 12159  1480 12201  1640 12411  1720 12519  1330 12573  1880 12537
  2090 12699  6248   315  6344   495  6328   675  6314   765  6424   525
  6392   825  6734   855  6578   735  6536  2123  4332  2149  4572  2147
  4716  2155  4932  2159  1610 12753  6622  1035  6784   975  6808  1125
  6902 12627  1750 12879  1870 13113  2030 12969  2120  2167  5004  2165
  5202  2171  5364  2173  5436  2177  5652  2183  5868  2189  6012  2191
  6228  2195  6348  2197  6444  2201  6498  2215  6516  2219  6876  2227
  6948  2231  6952  1215  6968  1275  7112  2245  7092  2249  7164  2257
  7596  2263  7106  1305  7144  2279  8028  2285  8172  2291  8244  2305
  8388  2315  7192  1665  7208  1395  7238]
[13083  2210   567  2360 13221  2440   891  2170  1053  2590  1377  2470
  1863  2680  1539  7304  1425  7336  1725  7378  1935  7384  1845  7552
  1815  7462  2115  7544  2175  7592  2325  7672  2321  8604  2317  8676
  2323  9036  2327  9252  2329  2530  2349  7546  2535  7714  2385  7784
  2655  7826  2511  2750  2997  2840  3321  2920  3483  2870  2353  9468
  2335  9522  2359  9684  2363  9756  2369  9972  2395 10092  2413 10116
  2407 10188  2419 10548  2429 11052  2435 11196  2443 11268  2449 11412
  2453 11532  2455  7808  2775  7832  2745  7912  2471 11916  2461 12132
  2479 12492  2483  8024  3015  8216  2489 12564  2491 12708  2495 12924
  2497 13122  2501  8056  3075  8162  3195]
[ 2990  3807  3160  4293  3010  4779  3230  4941  3190  5427  3250  5751
  3290  5913  3320  6399  8294  3225  8246  3285  8296  3525  8344  3555
  8398  3735  8456  3975  8536  4005  8554  4335  8576  2507 13212  2509
   120  2513   216  2515   168  2533  3410  6723  8584  4365  8602  4425
  8632  4545  8648  7203  3560  7857  3430  7209  3710  8181  3880  2519
   312  2537   264  2545   378  2561   210  2563   384  2567   270  2569
   330  2573   390  2581   408  2587   456  2599   510  2603   462  2605
   546  2615   552  2611  8866  4575  8792  4635  8888  2623   570  2627
   594  2641   690  2629  8806  4815  8918  2651   696  2653   702  2669
   744  2681   750  2701  8968  4905  9064]
[ 8343  3770  8667  3910  8829  4030  9153  4040 10287  4070 10611  4120
 11097  4130 11259  4250 12069  9086  5025  9088  5085  9112  5325  9128
  5475  9176  5415  9256  5715  9272  5895  9338  5925  9344  2705   714
  2743   870  2723   858  2735   798  2747  4270 12231  9352  6165  9394
  6255  9416  6225  9512 12717  4280 13203  4360  1089  4370   441  4520
  2759   888  2771   966  2761   918  2773   930  2779   984  2807  1026
  2813  1032  2827  1110  2831  1122  2785  1128  2863  1230  2839  1218
  2815  1242  2845  1254  2855  9592  6675  9614  6705  9646  2867  1272
  2869  1290  2893  1302  2881  9656  6795  9688  2885  1326  2911  1410
  2899  1416  2921  1464  2923  9752  7065]
[ 4510  2601  4690  1521  4730  3249  4810  4761  4750  6561  4930  8649
  4970  7569  5080 12321  5110   351  9758  7275  9842  7335  9928  7515
  9944  7575  9976  7725  9982  7785 10024  8025 10088  7935 10112  2929
  1518  2933  1482  2935  1554  2941  1566  2951  5170   459 10136  8055
 10166  8145 10168  8175 10184   189  5240   231  5270   273  5480   297
  5330  2947  1590  2959  1608  2965  1674  2977  1704  2981  1752  2987
  1722  2983  1770  2993  1794  2995  1806  3005  1896  3007  1830  3013
  1914  3017  1938  3029  1974  3035 10234  8475 10318  8595 10504  3031
  1992  3043  1998  3047  2058  3065 10582  8685 10624  3053  2010  3071
  2046  3073  2130  3077  2136  3085 10648]
[  357  5510   429  5530   513  5560   399  5590   483  5830   621  5810
   561  5750   609  5890   663  5960   627 10664  8865 10696  8955 10712
  9375 10738  9495 10744  9525 10792  9825 10808 10035 10846 10215 10856
  3095  2214  3091  2226  3097  2190  3101  2322  3103  6040   741 10904
 10275 10906 10305 10934 10425 11096   651  6110   759  6280   777  6520
   783  6290  3107  2328  3113  2262  3127  2346  3131  2370  3133  2424
  3139  2418  3143  2442  3149  2472  3151  2478  3155  2538  3161  2490
  3173  2568  3193  2562  3197  2616  3205 11032 10485 11102 10755 11128
  3199  2622  3215  2712  3223  2814  3233 11144 10845 11176  3227  2670
  3239  2838  3241  2706  3235  2862  3247]
[ 6490   837  6230   897  6680   861  6670   969  6710   903  6890   957
  6790   999  6920   987  7030  1023  6970  1029 11224 11175 11186 11295
 11242 11325 11288 11565 11336 11775 11362 11835 11392 12105 11438 12195
 11528  3263  2910  3277  2886  3269  2958  3265  2982  3281  7070  1107
 11594 12225 11656 12465 11662 12525 11726  1113  7160  1131  7130  1161
  7210  1209  7240  3287  3030  3293  3048  3295  3066  3317  3090  3337
  3144  3305  3102  3341  3162  3353  3186  3349  3198  3365  3288  3377
  3210  3379  3294  3383  3270  3397  3306  3385 11752 12615 11816 12645
 12008  3403  3318  3401  3336  3415  3354  3421 11914 12735 12056  3409
  3390  3419  3498  3427  3486  3431  3534]
[ 1173  7250  1221  7310  1239  7370  1269  7490  1311  7640  1281  7670
  1353  7630  1419  7720  1407  7790  1431  7750  1443 12104 12975 12122
 13185 12136   405 12166  1875 12194   225 12232   105 12296   135 12298
   255 12328  3437  3576  3439  3618  3443  3624  3455  3666  3473  7810
  1533 12416   165 12488   195 12502   345 12616  1479  7880  1491  7930
  1551  7910  1581  7960  3487  3768  3493  3774  3497  3738  3503  3810
  3521  3834  3505  3894  3523  3912  3545  3942  3551  4002  3563  3930
  3569  4008  3587  4026  3589  4110  3599  4074  3595 12614   285 12586
   375 12712  3601  4152  3611  4134  3629  4170  3641 12728   435 12928
  3647  4182  3635  4218  3649  4242  3653]
[ 8030  1593  7990  1599  8170  1647  8440  1653  8690  1677  8510  1659
  8710  1749  8890  1767  8920  1743  8930  1809  8990  1833 12782   465
 12818   645 12824   555 12922   615 12958   705 13064   885 13034   795
 13048   915 13112  3661  4266  3665  4278  3667  4296  3683  4326  3679
  9010  1869 13144  1005 13184  1065 13192  1095 13202  1887  9080  1917
  9160  1947  9170  1971  9230  3707  4344  3695  4374  3713  4386  3737
  4422  3715  4482  3743  4470  3763  4494  3749  4530  3781  4584  3787
  4602  3755  4578  3785  4632  3791  4674  3799  4686  3805 13208  1185
   784  1245  1936  3809  4728  3811  4710  3817  4746  3839  2704  1335
  4624  3827  4758  3829  4776  3841  4794]
[ 2001  9130  2037  9250  2013  9320  2067  9430  2109  9560  2091  9490
  2121  9640  2133  9590  2139  9790  2163  9890  2187  9730  2193  5776
  1455  8464  1515  9604  1545   448  1605   704  1635   832  1695  1088
  1905  1216  1965  1472  3845  4806  3859  4818  3865  4902  3869  4890
  3883 10030  2211  1856  2055  1984  2085  2368  2235  2624  2241 10040
  2247 10070  2301 10250  2289 10270  3893  5064  3899  5010  3901  5190
  3937  5106  3935  5214  3941  5226  3949  5238  3953  5334  3959  5352
  3961  5358  3973  5406  3977  5370  3979  5430  3983  5394  3985  2752
  2265  3008  2337 10280  3991  5448  3997  5454  4009  5496  4031  3392
  2343 10370  4033  5478  4039  5538  4037]
[10430  2379 10520  2373 10730  2397 10570  2403 10670  2451 10760  2553
 10750  2409 10790  2607 10840  2613 10810  2619 10990  2679 11080  2667
  3776  2355  3904  2445  4288  2505  4544  2595  4672  2685  5056  2697
  5312  2703  5696  2715  6208  4043  5502  4045  5562  4055  5592  4061
  5658  4069 11210  2727  6592  2739  6464  2751  6848  2769 11110  2781
 11240  2829 11320  2847 11330  2877 11470  4063  5694  4087  5730  4097
  5736  4103  5754  4105  5778  4109  5784  4115  5838  4117  5790  4121
  5874  4135  5886  4141  5910  4151  5970  4169  5934  4145  6018  4163
  6976  2865  7232  2889 11390  4171  6024  4181  6162  4183  6042  4189
 11410  2937 11590  4187  6102  4193  6168]
[ 2943 11690  2967 11570  2919 11720  3009 11750  3021 11770  3051 11890
  3081 12070  3129 12190  3111 11990  3171 12280  3201 12110  3219 12410
  3237  8128  2895  8192  2955  8384  2985  8768  3165  8896  3243 12430
  3297 12440  3333  9536  3345  9664  4195  6222  4207  6312  4213  6258
  4237  6330  4223 12470  3363 12520  3399 12610  3417 12530  3429 12670
  3441 12680  3423 12710  3471 12730  3507 13130  4247  6342  4267  6402
  4249  6438  4265  6456  4279  6474  4285  6486  4295  6504  4291  6648
  4303  6594  4307  6690  4309  6666  4313  6744  4315  6726  4319  6792
  4321 10048  3405 10432  3477   400  4331  6798  4333  6810  4343  6834
  4351  2500  3531   320  4367  6858  4379]
[10688  3537 11072  3567 11456  3597 11584  3621 12224  3633 12352  3657
 12608  3699 12736  3723  4096  3741   160  3729   140  3753   200  3759
   220  3783   224  3435   308  3495   352  3585   364  3615   392  3813
   260  3801   340  3819   416  3765   476  4381  6870  4369  6846  4385
  6882  4387  6942  4393   350  3939   380  3993   460  3999   490  4017
   500  4011   544  4023   532  4029   550  4047   572  4399  6954  4405
  7032  4411  7014  4415  7074  4417  7062  4427  7134  4429  6990  4439
  7170  4453  7194  4471  7230  4469  7242  4435  7266  4499  7314  4487
  7368  4501   608  3855   644  4077   580  4511  7398  4529  7446  4531
  7458  4537   620  4053   650  4541  7464]
[3945  736 4035  748 4065  812 4071  740 4089  820 4137  836 4155  868
 4161  860 4173  850 4179  884 4191  928 4209  940 4233  950 4239  968
 4215  988 4245  992 4323 1036 4251 1012 4371 1060 4401 1078 4395 1148
 4407 1150 4553 7506 4535 7482 4555 7512 4559 7518 4573 1180 4431 1184
 4503 1196 4509 1204 4521 1220 4551 1210 4539 1274 4611 1312 4605 1276
 4571 7566 4577 7530 4579 7602 4589 7608 4595 7626 4601 7638 4607 7710
 4609 7878 4613 7944 4619 7890 4627 7986 4633 7998 4631 8034 4645 8046
 4661 1292 4587 1316 4623 1364 4667 8058 4681 8022 4685 8088 4687 1340
 4671 1352 4699]
[1372 4665 1376 4683 1504 4695 1484 4731 1420 4767 1450 4773 1508 4755
 1564 4809 1460 4833 1550 4887 1580 4893 1612 4899 1628 4929 1652 4947
 1694 4965 1666 4917 1660 4953 1696 5019 1690 4983 1708 5037 1804 5055
 1748 5061 1780 4709 8094 4705 8106 4717 8070 4727 8130 4711 1850 5073
 1876 5133 1862 5109 1888 5151 1892 5157 1924 5181 1940 5211 1952 5205
 1972 4735 8154 4739 8142 4741 8178 4757 8274 4747 8310 4763 8322 4771
 8328 4765 8346 4769 8358 4777 8376 4781 8382 4811 8418 4829 8466 4819
 8430 4837 2020 5253 1988 5217 2044 4835 8472 4841 8478 4843 8490 4847
 2048 5235 2068]
[5289 2108 5271 2050 5307 2132 5295 2144 5319 2060 5343 2140 5373 2204
 5379 2150 5397 2180 5421 2212 5457 2236 5385 2312 5451 2260 5511 2254
 5487 2272 5505 2324 5529 2332 5523 2336 5559 2350 5697 2356 5595 2366
 5673 2444 5649 2528 4849 8616 4853 8502 4859 8646 4867 8790 4873 2516
 5685 2492 5709 2540 5691 2596 5727 2620 5757 2650 5763 2656 5745 2668
 5781 2684 4855 8742 4883 8802 4885 8808 4891 8814 4897 8862 4913 8952
 4907 9006 4915 9018 4927 9042 4955 9078 4963 9096 4939 9102 4979 9174
 4981 9192 4997 2716 5811 2740 5829 2756 4985 9222 5027 9210 5017 9246
 5029 2788 5817]
[2780 5871 2848 5883 2828 5835 2812 5889 2842 5907 2852 5901 2888 5943
 2890 5973 2924 6021 2884 5955 2948 6015 2996 6063 2950 6099 2980 6123
 3020 6129 3038 6135 3052 6141 3050 6153 3068 6177 3104 6183 3116 6231
 3124 6213 3140 6291 3164 5045 9336 5033 9330 5053 9342 5057 9366 5063
 3146 6285 3172 6303 3196 6315 3212 6357 3296 6351 3232 6369 3268 6447
 3260 6441 3404 5065 9528 5069 9462 5071 9390 5089 9510 5093 9534 5095
 9546 5105 9618 5111 9624 5123 9666 5129 9774 5131 9798 5137 9786 5141
 9816 5143 9834 5149 3340 6453 3424 6465 3476 5155 9858 5161 9894 5165
 9906 5173 3350]
[ 6477  3460  6501  3484  6495  3488  6507  3550  6513  3556  6519  3572
  6531  3580  6549  3596  6567  3604  6585  3616  6573  3652  6591  3610
  6603  3620  6657  3650  6681  3626  6645  3668  6693  3692  6777  3718
  6735  3772  6747  3820  6771  3796  6837  3836  6789  3860  6873  3892
  5177  9930  5183  9966  5191 10038  5195 10056  5201  3916  6855  3956
  6915  4012  6939  3940  6951  3950  6963  3980  6969  4028  6981  4018
  6945  4046  5207 10074  5213 10104  5219 10110  5221 10122  5245 10146
  5249 10218  5251 10302  5255 10266  5257 10314  5263 10344  5269 10392
  5267 10362  5287 10410  5293 10422  5299  4064  6987  4108  7005  4114
  5305 10434  5315 10506  5311 10470  5317]
[ 4150  7059  4148  7077  4192  7089  4172  7101  4214  7107  4220  7221
  4232  7239  4228  7185  4292  7257  4268  7263  4316  7287  4324  7317
  4384  7329  4444  7347  4396  7305  4448  7359  4450  7383  4460  7413
  4484  7365  4532  7437  4540  7467  4556  7449  4564  7473  4580  7479
  4598  5321 10536  5327 10578  5339 10542  5345 10614  5353  4588  7485
  4606  7491  4628  7503  4660  7521  4636  7527  4676  7545  4708  7587
  4756  7557  4768  5357 10590  5359 10632  5363 10638  5371 10686  5383
 10746  5377 10758  5411 10776  5389 10770  5401 10794  5429 10842  5435
 10914  5447 10902  5459 10968  5455 10974  5465  4796  7539  4828  7611
  4832  5461 11022  5473 11010  5489 11046]
[ 7599  4780  7641  4820  7683  4844  7635  4876  7689  4850  7701  4972
  7707  4964  7719  4988  7761  5012  7743  5020  7797  5024  7809  5044
  7815  5084  7833  5050  7869  5054  7845  5068  7881  5092  7887  5140
  7911  5194  7923  5150  7953  5216  7959  5260  8007  5252  8043  5290
  8103  5324  5485 11058  5497 11064  5513 11112  5509 11118  5515  5332
  8115  5344  8169  5350  8229  5348  8205  5372  8241  5356  8277  5380
  8283  5396  8289  5404  5533 11190  5539 11208  5543 11298  5545 11346
  5561 11370  5549 11394  5567 11382  5587 11454  5585 11418  5579 11496
  5597 11490  5599 11514  5603 11526  5609 11562  5611  5420  8319  5450
  8313  5428  5615 11634  5617 11622  5627]
[ 5452  8337  5536  8397  5540  8439  5516  8355  5548  8421  5564  8445
  5566  8451  5572  8481  5612  8493  5588  8517  5620  8559  5644  8535
  5668  8565  5728  8589  5650  8601  5746  8607  5660  8679  5782  8643
  5764  8655  5792  8697  5828  8733  5860  8763  5876  8769  6028  8787
  5908  8805  5978  5629 11658  5633 11670  5663 11688  5645 11742  5671
  6004  8799  6052  8841  6068  8823  6112  8853  6116  8895  6148  8931
  6140  8877  6164  8937  6176  5677 11766  5699 11778  5713 11784  5707
 11802  5723 11886  5729 11814  5755 11946  5747 11976  5759 11910  5731
 12030  5753 12042  5761 12072  5765 12126  5767 12198  5771  6220  8943
  6244  8949  6304  5773 12216  5777 12246]
[ 8979  6250  8961  6260  9021  6308  8985  6356  9015  6358  9039  6364
  9051  6340  9087  6350  9093  6368  9099  6412  9129  6422  9105  6524
  9141  6532  9195  6556  9159  6550  9213  6566  9231  6572  9255  6596
  9219  6604  9273  6620  9291  6644  9303  6728  9285  6692  9309  6716
  9321  6748  9339  6740  5789 12258  5803 12270  5809 12282  5815 12306
  5837  6752  9369  6764  9381  6812  9393  6844  9399  6868  9417  6850
  9423  6940  9429  6908  9447  6950  5833 12354  5855 12366  5873 12426
  5891 12462  5893 12504  5899 12552  5905 12582  5909 12570  5911 12630
  5917 12702  5921 12714  5933 12606  5935 12738  5941 12882  5951  6956
  9453  6958  9465  7004  5947 12894  5959]
[ 6980  9483  7028  9519  7018  9531  7052  9579  7076  9591  7060  9597
  7124  9669  7136  9681  7172  9615  7154  9645  7196  9693  7228  9699
  7180  9717  7264  9705  7268  9723  7276  9789  7316  9741  7328  9795
  7348  9807  7340  9831  7364  9843  7372  9879  7406  9861  7412  9885
  7456  9909  7450  9951  7460  5963 12906  5969 12930  5971 12954  5965
 12984  5977  7502  9915  7514 10011  7532 10023  7550 10059  7564 10047
  7580 10071  7612 10095  7588 10131  7636  5983 13002  5989 12990  5993
 13014  5999 13026  6001 13038  6005 13062  6017 13098  6013 13128  6019
 13134  6023 13146  6049 13170  6031 13182  6041 13206  6059   144  6065
  7648 10137  7676 10155  7684  6071   324]
[10149  7660 10191  7688 10203  7708 10227  7712 10209  7742 10233  7748
 10245  7756 10257  7772 10281  7828 10263  7774 10293  7780 10311  7850
 10317  7844 10329  7852 10341  7876 10365  7868 10419  7924 10461  8032
 10479  7940 10491  7942 10503  7964 10509  8020 10569  8084 10515  8132
 10563  8150 10653  8134 10719  8164  6077   192  6103  1458  6085    72
  6107    60  6109  8188 10635  8204 10707  8180 10689  8224 10761  8236
 10767  8284 10785  8308 10797  8350 10803  8380  6119    84  6127    90
  6139    96  6115   108  6145   126  6155   156  6157   132  6161   150
  6167   198  6169   204  6179   228  6181   234  6185   276  6191   294
  6187  8404 10827  8416 10833  8410  6193]
[ 8420 10887  8468 10905  8476 10923  8588 10941  8492 10947  8596 10995
  8608 10959  8620 10983  8636 11037  8650 11001  8660 11043  8668 11049
  8672 11085  8684 11121  8692 11139  8708 11145  8722 11211  8764 11229
  8732 11247  8756 11265  8788 11289  8780 11313  8804 11343  8864 11355
  8908 11361  8860 11367  8876 11373  8924  6209   342  6227   306  6233
   348  6239   372  6245  8954 11397  8950 11427  8980 11433  8992 11415
  8996 11451  9028 11481  9050 11487  9052 11517  9056  6259   414  6281
   444  6283   486  6289   492  6295   516  6313   522  6319   558  6331
   564  6341   636  6347   708  6349   666  6371   726  6377   732  6383
   738  6385  9116 11523  9140 11577  9164]
[11607  9220 11637  9268 11535  9292 11595  9284 11679  9260 11649  9308
 11691  9316 11697  9340 11703  9376 11811  9412 11823  9386 11805  9436
 11847  9452 11853  9476 11859  9506 11877  9628 11883  9550 11919  9580
 11931  9610 11937  9652 11949  9650 11961  9676 11955  9716 11973  9772
 12027  9740 11991  9796 12093  9820 12099  9802  6395   774  6401   804
  6403   846  6407   852  6415  9812 12117  9824 12111  9844 12123  9884
 12135  9898 12129  9850 12183  9916 12165  9932 12189  9950  6431   876
  6433   948  6437   954  6439   996  6443  1014  6445  1062  6455  1068
  6457  1098  6463  1164  6467  1206  6485  1212  6487  1236  6493  1278
  6497  1284  6499  9922 12207  9952 12261]
[ 9956 12291  9964 12309 10004 12315  9988 12327  9980 12339 10016 12345
 10028 12363 10060 12351 10036 12405 10052 12423 10076 12435 10094 12447
 10132 12453 10144 12501 10180 12489 10148 12507 10244 12513 10252 12543
 10268 12549 10276 12561 10292 12567 10324 12579 10348 12585 10396 12609
 10406 12621 10412 12639 10420 12669 10444 12711 10478  6503  1308  6505
  1314  6509  1356  6511  1422  6515 10492 12741 10460 12747 10508 12795
 10486 12801 10516 12873 10550 12837 10564 12855 10592 12921 10604  6527
  1494  6523  1524  6533  1572  6535  1602  6541  1644  6539  1668  6557
  1734  6559  1746  6583  1788  6587  1812  6589  1818  6593  1854  6595
  1884  6605  1926  6613 10612 12885 10676]
[12909 10682 12927 10724 12933 10784 12945 10804 12939 10820 12957 10952
 12963 10892 12993 10940 12999 10972 13029 10982 13137 10988 13053 11036
 13101 11084 13143 11044 13107 11074 13149 11092 13155 11104 13161 11116
 13179 11140 13197 11150   729 11168 13215 11252    45 11228    75 11296
    63 11260    99 11324   117 11308   153 11350   147 11356  6611  1956
  6617  1962  6623  2004  6629  2034  6631 11374   171 11380   207 11452
   243 11420   261 11450   279 11468   333 11476   363 11488   369 11524
  6635  2076  6641  2148  6649  2166  6667  2172  6671  2286  6677  2292
  6683  2316  6697  2358  6707  2364  6731  2388  6739  2466  6743  2502
  6749  2532  6751  2676  6757 11572   387]
[11540   423 11596   477 11638   507 11644   531 11650   549 11684   603
 11692   639 11716   657 11740   711 11732   747 11744   801 11764   873
 11774   909 11788   867 11804   927 11836   963 11908   981 11860  1017
 11924  1083 11936  1143 11932  1179 11948  1233 11972  1251 12028  1341
 11950  1359 11980  1413 12020  1467 12050  1503 12052  1557 12068  6767
  2682  6769  2718  6773  2724  6787  2748  6797 12116  1587 12124  1611
 12128  1629 12140  1719 12172  1737 12188  1773 12212  1791 12256  1899
 12274  6799  2796  6805  2826  6809  2868  6817  2892  6821  2934  6835
  3006  6839  3012  6847  3084  6859  3114  6865  3156  6881  3174  6887
  3222  6893  3228  6901  3252  6905 12284]
[ 2007 12260  2043 12292  2061 12308  2097 12340  2151 12364  2169 12380
  2259 12388  2313 12404  2367 12412  2421 12428  2439 12446  2493 12448
  2529 12452  2523 12506  2547 12508  2637 12524  2763 12532  2799 12550
  2817 12556  2853 12572  2883 12596  2979 12620  3033 12604  3123 12644
  3141 12692  3177 12704  3231 12772  3303 12788  3357 12796  3411 12820
  6913  3258  6931  3324  6937  3372  6941  3396  6943 12832  3447 12826
  3501 12838  3573 12850  3609 12860  3681 12892  3771 12908  3789 12932
  3879 12940  6953  3438  6973  3474  6979  3516  6995  3546  6989  3582
  7003  3684  7009  3732  7031  3756  7033  3798  7037  3804  7045  3972
  7051  4014  7061  4044  7063  4086  7073]
[12956  3897 12964  3987 12988  3951 13052  4041 13060  4107 13076  4113
 13088  4149 13108  4167 13124  4203 13148  4311 13150  4383 13172  4419
 13180  4491 13220  4527  1024  4581    80  4689   112  4707   176  4869
   208  4923   272  5013   304  5043   368  5067   464  5121   496  5139
   512  5193   592  5283   656  5337   688  5391   752  5409   848  5463
   944  7067  4122  7081  4164  7087  4188  7091  4194  7093   976  5517
  1072  5547  1136  5553  1168  5571  1250  5679  1264  5769  1328  5787
  1424  5877  1552  7097  4236  7099  4302  7111  4308  7115  4404  7117
  4338  7123  4476  7133  4518  7135  4548  7141  4596  7145  4626  7147
  4668  7153  4734  7157  4764  7165  4812]
[5823 1616 5931 1648 5949 1712 6057 1744 6093 1808 6147 2032 6219 2096
 6309 2192 6381 2224 6471 2384 6543 2416 6597 2512 6627 2608 6651 2672
 6687 2768 6759 2864 6813 2896 6849 3056 6921 3088 6957 3152 7083 3184
 7173 3376 7281 3568 7299 3632 7389 3664 7407 3728 7443 3824 7461 3856
 7551 4016 7677 4112 7713 4208 7169 4842 7171 4878 7181 4908 7183 4986
 7195 4304 7731 4336 7767 4432 7893 4496 7929 4528 7947 4688 7983 4802
 8163 4912 8199 4976 7199 5028 7201 5046 7217 5052 7223 5058 7231 5094
 7235 5172 7241 5196 7249 5268 7255 5274 7261 5316 7265 5388 7271 5484
 7273 5526 7277]
[ 5008  8271  5072  8361  5296  8427  5392  8433  5552  8469  5584  8523
  5648  8577  5744  8703  5872  8739  5968  8793  6064  8847  6128  8919
  6224  8973  6352  9081  6416  9117  6544  9171  6704  9189  6736  9279
  6896  9297  6928  9351  7024  9441  7088  9459  7184  9549  7312  9567
  7376  9621  7408  9783  7472  9819  7664  9837  7792  9873  7856  9927
  7984  9981  8048  7279  5532  7289  5556  7291  5598  7295  5604  7303
  8144 10053  8336 10107  8368 10161  8656 10359  8752 10377  8912 10443
  9008 10467  9104 10539  9136  7313  5634  7319  5706  7327  5748  7339
  5766  7343  5844  7355  5892  7357  5958  7361  5988  7363  6036  7367
  6066  7373  6108  7379  6246  7387  6252]
[10629  9232 10683  9392 10737  9488 10809  9584 10917  9616 10953  9712
 11007  9808 11061  9872 11079  9904 11133 10096 11163 10256 11241 10288
 11331 10352 11493 10448 11511 10544 11547 10576 11601 10768 11619 10832
 11673 10928 11709 11056 11727 11216 11763 11344 11871 11504 11889 11632
 11943 11728 12249 11824 12303 11888 12357 12016 12429 12112 12591 12176
 12681 12304 12807 12368  7391  6276  7397  6282  7403  6354  7405  6462
  7409 12592 12843 12752 12861 12944 12897 12976 12951 13136 13023 13168
 13059   100 13077   196 13131   256  7415  6492  7421  6564  7423  6606
  7427  6684  7435  6714  7439  6756  7441  6822  7445  6828  7447  6852
  7453  6894  7463  6924  7465  7002  7471]
[  484    81   676    15  1156    21  1444    27  2116    33  3364    39
  3844    51  5476    57  6724    69  7396    87  8836    93 11236   111
    40   123    56   129    70   141    88   159   104   177   110   183
   128   201   130   213   136   219   152   237   154   249   170   267
   182   291   184   303   190   309   230   321   232   327   238   339
   248   381   250   393   286  7483  7044  7493  7116  7495  7146  7501
  7188  7513   266   411   290   417   296   447   310   453   322   471
   328   489   344   501   370   519   374  7519  7212  7531  7218  7543
  7284  7555  7356  7571  7362  7597  7404  7601  7428  7609  7542  7613
  7572  7615  7578  7619  7692  7627  7716]
[ 537  376  543  406  573  410  579  418  591  424  597  430  633  434
  669  442  681  470  687  472  699  488  717  494  723  506  753  518
  771  530  789  536  807  568  813  574  831  584  843  590  849  598
  879  602  921  610  933  632  939  638  951  646  993  658 1011  664
 1041  670 1047  682 1059  686 1077  710 1101  712 7633 7758 7631 7764
 7637 7794 7651 7836 7655  742 1119  730 1137  754 1149  776 1167  782
 1191  790 1203  806 1227  808 1257  814 7661 7902 7663 7908 7679 7932
 7697 7974 7709 8076 7711 8082 7715 8124 7721 8196 7729 8214 7739 8226
 7745 8292 7747]
[ 824 1263  826 1293  830 1299  854 1317  856 1329  872 1347  874 1371
  890 1383  902 1389  904 1401  938 1437  946 1461  962 1473  970 1497
  986 1509  994 1527 1010 1563 1016 1569 1022 1623 1030 1641 1034 1671
 1048 1689 1054 1707 1066 1713 1070 1731 1090 1761 1096 1779 1102 1797
 1106 1803 1112 1821 1118 1839 1130 1851 1162 1857 1166 7751 8298 7763
 8334 7765 8406 7769 8412 7771 1192 1893 1178 1923 1208 1929 1222 1941
 1246 1959 1256 1977 1258 1983 1270 2019 1298 7781 8508 7783 8622 7787
 8628 7795 8724 7799 8766 7801 8796 7807 8838 7811 8868 7813 8916 7819
 8982 7831 9012]
[2031 1304 2049 1310 2073 1334 2103 1336 2127 1342 2157 1358 2181 1370
 2199 1378 2217 1384 2229 1390 2253 1394 2271 1406 2283 1414 2307 1426
 2319 1432 2361 1442 2391 1448 2427 1462 2433 1474 2463 1490 2469 1498
 2481 1510 2487 1526 2517 1528 2559 1534 2571 1544 2577 1558 2589 1562
 2631 1570 2643 1576 2649 1582 2661 1586 2721 1592 2733 1598 7835 9054
 7837 9084 7849 9132 7855 9162 7859 1606 2757 1630 2787 1634 2811 1670
 2823 1688 2841 1702 2859 1730 2901 1738 2913 1742 7861 9228 7871 9276
 7891 9378 7895 9414 7897 9444 7903 9564 7909 9708 7913 9732 7915 9738
 7939 9846 7957]
[ 1778  2931  1784  2949  1786  2973  1790  2991  1798  3027  1802  3039
  1810  3057  1816  3063  1826  3093  1832  3099  1834  3117  1846  3147
  1864  3153  1886  3183  1898  3189  1910  3207  1912  3261  1918  3273
  1928  3279  1930  3291  1946  3309  1958  3327  1970  3351  1978  3369
  1990  3387  2006  3453  2008  3459  2014  3489  2054  3513  2056  3543
  2074  3561  2086  3579  2104  3603  2110  3639  2114  7961  9852  7967
  9876  7969  9924  7979  9948  7981  2134  3651  2146  3669  2152  3687
  2158  3693  2162  3711  2168  3747  2198  3777  2216  3831  2222  7985
 10026  7991 10068  7997 10086  7999 10134  8003 10236  8005 10242  8021
 10278  8023 10284  8027 10308  8033 10356]
[ 3837  2230  3849  2242  3867  2248  3873  2264  3891  2266  3903  2270
  3909  2278  3921  2282  3957  2290  3963  2294  3981  2314  4083  2318
  4101  2330  4119  2338  4143  2344  4197  2354  4227  2378  4269  2390
  4281  2398  4287  2410  4299  2414  4317  2422  4341  2438  4353  2456
  4359  2482  4377  2486  4413  2488  4443  2494  4449  2504  4461  2506
  4467  2510  4479  2522  4497  2534  4533  2536  4569  2542  8035 10386
  8045 10524  8047 10566  8051 10572  8057  2546  4593  2570  4629  2626
  4647  2630  4659  2648  4677  2662  4701  2666  4713  2674  4737  2678
  8063 10596  8065 10644  8071 10674  8077 10782  8083 10818  8095 10884
  8105 10926  8119 10932  8129 11028  8131]
[ 2686  4749  2690  4791  2696  4803  2698  4821  2702  4827  2710  4839
  2714  4857  2726  4863  2758  4881  2770  4911  2774  4971  2776  4989
  2782  5001  2786  5007  2792  5079  2794  5091  2806  5097  2810  5127
  2822  5163  2824  5169  2830  5199  2834  5223  2872  5241  2882  5259
  2914  5277  2930  5331  2936  5349  2938  5361  2954  5367  2984  5403
  3002  5433  3014  5469  3026  5493  3032  5541  3034  5583  3058  8135
 11034  8137 11094  8141 11106  8143 11142  8149  3064  5601  3070  5613
  3074  5619  3082  5631  3110  5637  3112  5667  3122  5703  3130  5721
  3154  8153 11148  8159 11244  8173 11292  8185 11358  8189 11364  8197
 11436  8201 11538  8203 11574  8207 11604]
[ 5739  3170  5793  3176  5799  3178  5847  3182  5853  3206  5919  3208
  5937  3262  5961  3266  5979  3272  5991  3278  5997  3286  6009  3298
  6033  3302  6051  3310  6081  3322  6087  3346  6117  3352  6159  3358
  6189  3368  6207  3370  6243  3374  6249  3382  6261  3406  6267  3422
  6297  3434  6333  3448  6339  3454  6387  3464  6393  3470  6411  3478
  6423  3490  6429  3502  6459  3512  6483  3514  6537  3526  6609  3538
  8213 11646  8227 11652  8249 11724  8251 11754  8257  3530  6621  3544
  6639  3562  6663  3586  6711  3590  6717  3592  6729  3598  6753  3614
  6801  3634  8261 11796  8267 11862  8279 11892  8285 11898  8299 11964
  8309 12108  8315 12114  8321 12156  8327]
[ 3638  6807  3656  6819  3658  6843  3670  6861  3674  6879  3682  6891
  3686  6927  3688  6933  3704  6999  3706  7017  3730  7023  3736  7041
  3766  7053  3782  7071  3790  7113  3794  7131  3806  7143  3818  7149
  3830  7167  3832  7179  3838  7197  3842  7233  3854  7251  3874  7269
  3878  7311  3886  7323  3890  7341  3896  7377  3914  7401  3922  7419
  3926  7431  3928  7509  3934  7563  3938  7593  3962  7617  3970  7629
  3982  8333 12186  8335 12228  8339 12252  8341 12294  8347  3992  7647
  4010  7653  4024  7671  4042  7737  4066  7773  4072  7779  4082  7827
  4090  7851  4094  8345 12372  8351 12396  8357 12438  8359 12468  8371
 12588  8383 12612  8399 12618  8401 12732]
[ 7863  4102  7899  4118  7941  4142  7971  4154  7977  4168  7989  4184
  8013  4190  8031  4202  8049  4210  8061  4234  8067  4238  8079  4246
  8097  4294  8121  4298  8133  4310  8139  4318  8157  4328  8187  4330
  8193  4334  8223  4342  8247  4346  8259  4354  8301  4366  8331  4376
  8367  4378  8373  4382  8391  4390  8403  4394  8407  4402  8409  4430
  8413  4438  8411  4454  8417  4456  8441  4490  8453  4462  8457  4498
  8465 12756  8459 12762  8471 12828  8473 12942  8479 13044  8485  4504
  8483  4514  8489  4526  8491  4552  8495  4558  8497  4568  8499  4570
  8503  4582  8507 13086  8509 13092  8519 13116  8531 13164  8545 13194
  8549    48  8551   162  8557    36  8561]
[4610 8511 4616 8529 4630 8553 4634 8567 4642 8571 4646 8583 4654 8579
 4658 8587 4670 8593 4696 8603 4706 8605 4718 8611 4726 8615 4738 8621
 4744 8617 4790 8633 4792 8637 4808 8639 4814 8651 4826 8653 4838 8657
 4856 8661 4858 8665 4886 8683 4870 8659 4898 8691 4904 8709 4906 8705
   24 8717 4910 8711   30 8749   42 8735   54 8743   66 8759   78 8765
 4922 8727 4936 8767  102 8773  114 8777  138 8791  174 8795  186 8797
  222 8801  246 8809  258 8813  282 8843  318 8857 4942 8751 4952 8781
 4958 8851  354 8873  366 8879  402 8881  426 8885  438 8891  474 8899
  498 8903  534]
[8817 4966 8859 4978 8871 4982 8889 4990 8907 4994 8909 5002 8913 5018
 8915  582 8917  606 8921  618 8927  642 8935  678 8939  654 8945  762
 8947  786 8953  822 8977 5014 8981  834 8983  894 8989  906 9005  942
 9017 5026 8997 5038 9003 5030 9019  978 9023 5048 9031 5066 9033 5074
 9037 1002 9047 1038 9053 1074 9055 1086 9071 1146 9073 1158 9077 1182
 9079 5090 9057 5122 9083 1194 9089 1266 9097 1338 9101 1362 9107 1374
 9113 1398 9115 1434 9119 1446 9121 1506 9131 1542 9143 5126 9069 5128
 9111 5134 9149 1578 9155 1614 9167 1626 9169 1662 9179 1686 9193 1698
 9197 1758 9211]
[5138 9123 5144 9147 5146 9183 5162 9201 5174 9223 1842 9217 5176 9229
 1866 9233 1878 9235 1902 9247 1986 9253 2022 9259 2082 9263 2094 9287
 2118 9271 2154 9289 2202 9299 2238 9301 2274 9305 2298 9307 2334 9313
 2382 9329 5198 9237 5206 9249 5210 9347 2406 9335 2454 9353 5222 9267
 5224 9355 2514 9365 2526 9379 2586 9383 2598 9385 2634 9389 2658 9395
 2694 9407 5230 9327 5246 9427 2742 9445 2766 9449 2778 9451 2802 9469
 2874 9481 2922 9487 2946 9493 2994 9505 3018 9517 3054 9509 5258 9357
 5254 9363 5272 9523 3126 9527 3138 9529 3246 9535 3282 9553 3342 9557
 3378 9563 3414]
[9411 5282 9489 5288 9501 5302 9507 5306 9543 5338 9565 3426 9569 3462
 9571 3522 9577 3558 9589 3594 9593 3606 9599 3642 9607 3678 9611 3702
 9617 3714 9637 3786 9641 3846 9647 3858 9655 3882 9659 3918 9665 3954
 9667 3966 9671 5362 9561 5384 9573 5402 9673 4038 9683 4062 9691 5410
 9609 5416 9701 4098 9703 4146 9707 4206 9713 4254 9727 4314 9731 4362
 9745 4398 9757 5446 9627 5464 9755 4434 9761 4458 9763 4542 9773 4506
 9793 4566 9797 4614 9799 4638 9809 4722 9827 4782 9841 4854 9847 5470
 9651 5486 9663 5494 9853 4866 9863 4926 9865 4938 9869 4962 9881 4974
 9893 5034 9895]
[ 5518  9687  5522  9753  5528  9759  5542  9771  5546  9777  5558  9899
  5118  9913  5142  9917  5154  9935  5178  9937  5262  9943  5286  9953
  5298  9959  5322  9961  5442  9965  5466  9977  5514  9979  5570  9983
  5574  9985  5608  9989  5622  9991  5630  9997  5614  9813  5626  9897
  5654  9903  5662  9995  5646 10001  5672  9921  5678  9939  5690 10003
  5682 10015  5718 10019  5710 10021  5726 10027  5734 10031  5738 10033
  5752  9957  5762  9969  5786 10049  5770 10057  5802 10055  5798 10063
  5816 10073  5822 10081  5826 10085  5842 10109  5846 10097  5858 10117
  5862 10121  5864  9987  5866  9993  5870 10123  5882 10129  5898 10135
  5894 10145  5902 10147  5912 10157  5918]
[10029  5930 10041  5944 10077  5954 10083  5962 10113  5966 10119  5974
 10171  5946 10183  5982 10187  5986 10189  5990 10207  6008 10195  6014
 10213  6010 10219  6026 10217  6034 10229  6054 10231  6056 10167  6058
 10237  6062 10173  6070 10249  6078 10261  6086 10221  6088 10239  6094
 10265  6106 10291  6114 10277  6126 10279  6130 10297  6142 10299  6152
 10307  6146 10315  6154 10327  6170 10319  6182 10345  6184 10347  6190
 10349  6194 10351  6202 10361  6186 10363  6198 10367  6206 10371  6214
 10379  6226 10381  6234 10393  6254 10383  6262 10389  6266 10397  6278
 10403  6286 10401  6296 10405  6298 10407  6302 10409  6294 10411  6306
 10415  6322 10417  6310 10421  6346 10423]
[ 6376 10441  6386 10435  6394 10445  6398 10447  6410 10451  6430 10471
  6366 10481  6378 10483  6414 10489  6446 10473  6454 10495  6466 10493
  6470 10497  6472 10519  6478 10511  6482 10517  6488 10523  6526 10533
  6494 10537  6530 10541  6522 10543  6538 10547  6554 10551  6562 10553
  6546 10555  6558 10561  6568 10565  6582 10573  6574 10577  6584 10579
  6586 10581  6616 10583  6590 10587  6610 10599  6632 10603  6634 10617
  6674 10623  6682 10637  6618 10643  6654 10645  6698 10641  6706 10649
  6702 10655  6712 10661  6730 10669  6754 10671  6758 10677  6766 10673
  6738 10679  6770 10681  6774 10685  6794 10697  6806 10699  6802 10705
  6818 10713  6824 10717  6830 10721  6838]
[10715  6842 10727  6854 10743  6856 10741  6862 10747  6872 10749  6874
 10751  6878 10757  6904 10763  6886 10765  6946 10777  6906 10783  6910
 10779  6974 10793  6918 10801  6978 10805  6986 10807  6994 10811  7006
 10813  7010 10817  7016 10819  7026 10823  7042 10821  7046 10839  7048
 10841  7064 10843  7086 10849  7096 10871  7090 10851  7102 10869  7126
 10873  7174 10877  7122 10897  7138 10893  7178 10895  7158 10901  7190
 10907  7198 10911  7202 10913  7206 10919  7222 10921  7256 10929  7258
 10931  7278 10943  7270 10951  7282 10961  7288 10963  7294 10967  7298
 10969  7302 10981  7306 10991  7322 10977  7330 10997  7334 10999  7338
 11009  7352 11013  7358 11017  7366 11015]
[ 7374 11021  7386 11023  7390 11019  7414 11029  7422 11035  7426 11031
  7430 11051  7432 11041  7474 11053  7486 11065  7494 11081  7496 11073
  7498 11089  7510 11099  7526 11101  7528 11091  7562 11103  7570 11107
  7554 11111  7574 11105  7576 11129  7582 11127  7598 11143  7610 11141
  7624 11147  7618 11153  7622 11157  7634 11167  7654 11179  7678 11181
  7658 11185  7662 11183  7674 11189  7690 11199  7682 11195  7698 11201
  7718 11207  7730 11203  7734 11209  7736 11215  7738 11217  7766 11219
  7746 11227  7768 11231  7782 11233  7786 11249  7802 11237  7798 11255
  7806 11263  7816 11267  7818 11269  7864 11281  7842 11291  7870 11293
  7874 11283  7882 11301  7898 11307  7906]
[11303  7914 11309  7918 11327  7922 11333  7926 11335  7928 11337  7946
 11341  7954 11345  7958 11347  7962 11357  7966 11359  7970 11363  7976
 11365  7994 11371  7982 11377  8018 11379  8062 11387  8066 11381  8072
 11389  8074 11391  8078 11401  8090 11409  8086 11405  8122 11413  8104
 11419  8110 11429  8126 11435  8138 11441  8152 11453  8166 11459  8168
 11461  8174 11465  8194 11477  8202 11479  8206 11463  8218 11485  8238
 11507  8210 11469  8230 11509  8234 11499  8242 11513  8248 11521  8264
 11531  8270 11533  8282 11537  8286 11539  8290 11541  8302 11545  8312
 11555  8326 11553  8338 11563  8342 11559  8362 11561  8366 11567  8374
 11569  8378 11581  8386 11573  8390 11589]
[ 8392 11591  8394 11599  8408 11603  8426 11611  8414 11623  8446 11631
  8474 11629  8454 11639  8488 11641  8494 11643  8498 11647  8504 11651
  8534 11653  8530 11659  8538 11663  8552 11665  8558 11667  8570 11669
  8562 11683  8590 11671  8574 11693  8582 11695  8598 11705  8606 11707
  8614 11721  8618 11723  8634 11729  8626 11733  8630 11741  8642 11735
  8638 11747  8662 11749  8666 11755  8682 11761  8686 11751  8696 11759
  8702 11757  8728 11769  8734 11771  8738 11773  8706 11785  8718 11791
  8744 11787  8758 11793  8762 11797  8754 11819  8770 11829  8774 11841
  8776 11843  8786 11851  8798 11855  8822 11857  8810 11861  8824 11873
  8826 11879  8830 11899  8834 11901  8854]
[11885  8858 11893  8870 11911  8872 11905  8878 11915  8886 11917  8906
 11929  8898 11945  8922 11947  8934 11957  8936 11965  8938 11963  8942
 11967  8974 11983  8958 11989  8984 11993  8994 11995  8998 12003  9022
 12001  9032 12009  9002 12013  9058 12017  9066 12023  9062 12021  9070
 12029  9074 12031  9106 12047  9082 12039  9110 12053  9118 12055  9138
 12059  9142 12057  9146 12063  9154 12061  9178 12067  9158 12077  9186
 12079  9190 12081  9202 12085  9208 12083  9214 12091  9218 12115  9224
 12127  9226 12133  9238 12131  9258 12137  9254 12139  9262 12147  9266
 12151  9290 12153  9304 12167  9294 12169  9318 12179  9322 12171  9334
 12185  9354 12181  9362 12191  9368 12187]
[ 9374 12193  9370 12199  9398 12205  9402 12209  9418 12217  9410 12219
  9422 12223  9426 12229  9434 12233  9448 12235  9454 12237  9470 12247
  9478 12273  9482 12271  9474 12283  9494 12287  9496 12279  9514 12293
  9498 12295  9526 12297  9530 12307  9538 12311  9544 12313  9542 12317
  9554 12319  9562 12333  9608 12335  9622 12349  9582 12353  9606 12359
  9638 12361  9658 12365  9674 12367  9642 12371  9654 12385  9678 12389
  9670 12381  9682 12387  9686 12399  9694 12403  9698 12407  9704 12417
  9706 12419  9710 12439  9714 12431  9718 12443  9726 12449  9734 12459
  9736 12461  9746 12469  9762 12481  9766 12499  9770 12471  9782 12477
  9784 12509  9794 12515  9814 12521  9822]
[12523  9826 12531  9830 12533  9832 12557  9848 12559  9854 12563  9878
 12571  9896 12581  9910 12587  9926 12599  9942 12605  9958 12603  9962
 12623  9970 12607  9978 12629  9992 12631  9994 12633 10034 12643 10002
 12655 10014 12667 10054 12651 10058 12657 10066 12661 10072 12677 10090
 12679 10114 12683 10106 12687 10126 12693 10130 12701 10138 12695 10142
 12707 10158 12709 10178 12715 10182 12731 10186 12737 10194 12745 10216
 12723 10190 12729 10210 12751 10222 12755 10232 12759 10246 12761 10258
 12767 10254 12773 10264 12779 10262 12777 10274 12785 10282 12783 10286
 12787 10310 12797 10298 12793 10312 12811 10322 12813 10328 12817 10330
 12819 10354 12827 10326 12833 10338 12839]
[10366 12847 10346 12849 10376 12851 10390 12863 10382 12867 10402 12869
 10398 12871 10408 12877 10424 12881 10414 12883 10438 12891 10426 12895
 10442 12913 10446 12929 10456 12931 10482 12937 10490 12949 10498 12955
 10502 12961 10510 12977 10514 12965 10526 12981 10534 12989 10518 12991
 10552 12997 10554 13019 10538 13011 10568 13017 10574 13021 10586 13027
 10610 13031 10598 13045 10616 13051 10622 13047 10630 13057 10634 13061
 10642 13067 10654 13071 10678 13069 10662 13073 10690 13081 10698 13085
 10706 13087 10714 13089 10718 13105 10726 13097 10722 13111 10742 13117
 10734 13123 10754 13119 10766 13129 10778 13133 10802 13139 10806 13141
 10858 13153 10866 13157 10822 13165 10888]
[13169 10870 13173 10894 13191 10910 13193 10918 13199 10922 13207 10930
 13201 10936 13211 10938 13213 10946 13223 10970     9 10978    25 10984
    49 10986   121 10994   169 11018   289 11026   361 11030   529 11048
   841 11066   961 11078  1369 11082  1681 11086  1849 11090  2209 11098
  2809 11122  3481 11134  3721 11158  4489 11170  5041 11166  5329 11174
  6241 11192  6889 11194  7921 11198  9409 11206 10201 11202 10609 11218
 11449 11222 11881 11230 12769 11226     5 11234     3 11254     7 11238
    11 11258    17 11266    13 11262    19 11272    23 11274    29 11290
    31 11326    37 11342    41 11334    43 11354    47 11384    53 11398
    59 11406    61 11414    67 11416    71]
[11426    73 11432    79 11446    83 11442    89 11458    97 11462   101
 11464   103 11478   107 11494   109 11506   113 11510   127 11512   131
 11518   137 11522   139 11530   149 11534   151 11542   157 11554   163
 11546   167 11576   173 11578   179 11586   181 11598   191 11606   193
 11608   197 11618   199 11624   211 11630   223 11666   227 11672   229
 11674   233 11694   239 11706   241 11710   251 11746   257 11768   263
 11782   269 11786   271 11798   277 11818   281 11810   283 11822   293
 11834   307 11838   311 11842   313 11848   317 11864   331 11866   337
 11870   347 11874   349 11882   353 11894   359 11896   367 11902   373
 11912   379 11918   383 11922   389 11926]
[  397 11930   401 11938   409 11942   419 11944   421 11954   431 11958
   433 11966   439 11978   443 11982   449 11986   457 11992   461 11994
   463 11998   467 12002   479 12010   487 12018   491 12026   499 12034
   503 12038   509 12046   521 12062   523 12066   541 12082   547 12088
   557 12098   563 12102   569 12118   571 12130   577 12142   587 12154
   593 12162   599 12170   601 12174   607 12184   613 12206   617 12214
   619 12218   631 12230   641 12234   643 12238   647 12248   653 12254
   659 12278   661 12290   673 12310   677 12314   683 12318   691 12322
   701 12334   709 12338   719 12344   727 12358   733 12362   739 12370
   743 12374   751 12378   757 12382   761]
[12386   769 12392   773 12414   787 12418   797 12424   809 12454   811
 12466   821 12472   823 12478   827 12486   829 12490   839 12498   853
 12518   859 12522   857 12534   863 12536   877 12562   881 12566   883
 12568   887 12578   907 12590   911 12594   919 12626   929 12632   937
 12638   941 12662   947 12664   953 12666   967 12678   971 12682   977
 12694   983 12698   991 12742   997 12754  1009 12766  1013 12770  1019
 12774  1021 12776  1031 12786  1033 12790  1039 12802  1049 12806  1051
 12808  1061 12814  1063 12822  1069 12830  1087 12846  1091 12856  1093
 12858  1097 12862  1103 12866  1109 12872  1117 12874  1123 12878  1129
 12886  1151 12890  1153 12904  1163 12910]
[ 1171 12914  1181 12918  1187 12926  1193 12934  1201 12952  1213 12966
  1217 12968  1223 12970  1229 12974  1231 12986  1237 12994  1249 12998
  1259 13006  1277 13010  1279 13016  1283 13018  1289 13022  1291 13030
  1297 13046  1301 13054  1303 13066  1307 13074  1319 13070  1321 13078
  1327 13082  1361 13096  1367 13114  1373 13118  1381 13166  1399 13174
  1409 13178  1423 13186  1427 13190  1429 13210  1433 13218  1439 13222
  1447    64  1451    12  1453    18  1459    20  1471    28  1481    32
  1483    44  1487    50  1489    52  1493    68  1499    76  1511    92
  1523    98  1531   116  1543   124  1549   148  1553   164  1559   172
  1567   188  1571   212  1579   236  1583]
[ 242 1597  244 1601  268 1607  284 1609  292 1613  316 1619  332 1627
  338 1621  356 1637  388 1657  404 1663  412 1667  428 1669  436 1693
  452 1697  508 1699  524 1709  548 1721  556 1723  578 1733  596 1741
  604 1747  628 1753  652 1759  668 1777  692 1783  716 1787  722 1789
  724 1801  764 1811  772 1823  788 1831  796 1847  844 1861  892 1867
  908 1871  916 1873  932 1877  956 1879  964 1889 1004 1901 1028 1907
 1052 1913 1058 1931 1076 1933 1084 1949 1108 1951 1124 1973 1132 1979
 1172 1987 1228 1993 1244 1997 1252 1999 1268 2003 1324 2011 1348 2017
 1388 2027 1396]
[2029 1412 2039 1436 2053 1468 2063 1492 2069 1516 2081 1532 2083 1556
 2087 1588 2089 1604 2099 1636 2111 1676 2113 1682 2129 1684 2131 1724
 2137 1732 2141 1756 2143 1772 2153 1796 2161 1828 2179 1844 2203 1852
 2207 1868 2213 1916 2221 1922 2237 1948 2239 1964 2243 1996 2251 2012
 2267 2036 2269 2084 2273 2092 2281 2164 2287 2188 2293 2228 2297 2252
 2309 2276 2311 2284 2333 2308 2339 2348 2341 2372 2347 2396 2351 2404
 2357 2428 2371 2452 2377 2468 2381 2476 2383 2524 2389 2564 2393 2572
 2399 2588 2411 2612 2417 2636 2423 2644 2437 2692 2441 2708 2447 2732
 2459 2738 2467]
[2764 2473 2804 2477 2836 2503 2876 2521 2908 2531 2932 2539 2956 2543
 2972 2549 3004 2551 3028 2557 3044 2579 3076 2591 3092 2593 3148 2609
 3188 2617 3236 2621 3244 2633 3284 2647 3292 2657 3308 2659 3316 2663
 3356 2671 3362 2677 3412 2683 3428 2687 3436 2689 3452 2693 3508 2699
 3524 2707 3532 2711 3548 2713 3628 2719 3644 2729 3676 2731 3698 2741
 3716 2749 3748 2753 3764 2767 3788 2777 3812 2789 3868 2791 3884 2797
 3908 2801 3932 2803 3964 2819 3988 2833 4036 2837 4052 2843 4076 2851
 4084 2857 4124 2861 4132 2879 4156 2887 4196 2897 4204 2903 4244 2909
 4252 2917 4276]
[2927 4348 2939 4364 2953 4372 2957 4388 2963 4412 2969 4418 2971 4436
 2999 4468 3001 4492 3011 4516 3019 4604 3023 4612 3037 4652 3041 4684
 3049 4724 3061 4748 3067 4772 3079 4804 3083 4852 3089 4868 3109 4892
 3119 4916 3121 4924 3137 4948 3163 4996 3167 5036 3169 5108 3181 5116
 3187 5132 3191 5156 3203 5164 3209 5188 3217 5204 3221 5212 3229 5228
 3251 5276 3253 5284 3257 5308 3259 5444 3271 5468 3299 5492 3301 5524
 3307 5596 3313 5618 3319 5636 3323 5692 3329 5708 3331 5716 3343 5732
 3347 5756 3359 5788 3361 5804 3371 5812 3373 5836 3389 5884 3391 5924
 3407 5932 3413]
[5948 3433 5956 3449 5972 3457 5996 3461 6044 3463 6092 3467 6124 3469
 6172 3491 6196 3499 6212 3511 6236 3517 6268 3527 6284 3529 6316 3533
 6332 3539 6388 3541 6404 3547 6428 3557 6436 3559 6452 3571 6476 3581
 6484 3583 6508 3593 6548 3607 6628 3613 6652 3617 6668 3623 6676 3631
 6772 3637 6788 3643 6796 3659 6836 3671 6884 3673 6892 3677 6932 3691
 6962 3697 6964 3701 6988 3709 7012 3719 7036 3727 7108 3733 7132 3739
 7148 3761 7156 3767 7204 3769 7244 3779 7292 3793 7324 3797 7388 3803
 7442 3821 7444 3823 7468 3833 7484 3847 7492 3851 7508 3853 7516 3863
 7556 3877 7604]
[3881 7628 3889 7652 3907 7724 3911 7732 3917 7796 3919 7804 3923 7892
 3929 7916 3931 7948 3943 7972 3947 7988 3967 7996 3989 8012 4001 8044
 4003 8068 4007 8108 4013 8116 4019 8156 4021 8212 4027 8252 4049 8276
 4051 8324 4057 8332 4073 8348 4079 8356 4091 8396 4093 8444 4099 8452
 4111 8516 4127 8524 4129 8548 4133 8564 4139 8572 4153 8612 4157 8644
 4159 8716 4177 8812 4201 8828 4211 8852 4217 8884 4219 8948 4229 8956
 4231 8972 4241 8978 4243 9004 4253 9068 4259 9076 4261 9092 4271 9124
 4273 9148 4283 9172 4289 9188 4297 9236 4327 9244 4337 9332 4339 9356
 4349 9364 4357]
[ 9388  4363  9404  4373  9428  4391  9484  4397  9508  4409  9524  4421
  9532  4423  9556  4441  9572  4447  9596  4451  9644  4457  9668  4463
  9692  4481  9748  4483  9764  4493  9788  4507  9836  4513  9868  4517
  9892  4519  9908  4523 10012  4547 10082  4549 10084  4561 10124  4567
 10156  4583 10172  4591 10196  4597 10204  4603 10228  4621 10316  4637
 10364  4639 10372  4643 10436  4649 10468  4651 10484  4657 10532  4663
 10588  4673 10628  4679 10636  4691 10652  4703 10658  4721 10684  4723
 10708  4729 10732  4733 10748  4751 10756  4759 10772  4783 10796  4787
 10828  4789 10844  4793 10852  4799 10876  4801 10916  4813 10924  4817
 10964  4831 10996  4861 11012  4871 11068]
[ 4877 11108  4889 11156  4903 11164  4909 11188  4919 11204  4931 11212
  4933 11276  4937 11332  4943 11348  4951 11372  4957 11404  4967 11428
  4969 11444  4973 11516  4987 11548  4993 11588  4999 11612  5003 11636
  5009 11668  5011 11708  5021 11756  5023 11812  5039 11828  5051 11852
  5059 11876  5077 11884  5081 11996  5087 12004  5099 12044  5101 12076
  5107 12092  5113 12148  5119 12164  5147 12196  5153 12244  5167 12268
  5171 12316  5179 12332  5189 12356  5197 12436  5209 12476  5227 12482
  5231 12484  5233 12548  5237 12652  5261 12668  5273 12676  5279 12724
  5281 12748  5297 12764  5303 12812  5309 12836  5323 12868  5333 12884
  5347 12916  5351 13004  5381 13012  5387]
[13028  5393 13036  5399 13084  5407 13196  5413 13204  5417    16  5419
     6  5431     8  5437    10  5441    14  5443    22  5449    26  5471
    34  5477    38  5479    46  5483    58  5501    62  5503    74  5507
    82  5519    86  5521    94  5527   106  5531   118  5557   122  5563
   134  5569   142  5573   146  5581   158  5591   166  5623   178  5639
   194  5641   202  5647   206  5651   214  5653   218  5657   226  5659
   254  5669   262  5683   274  5689   278  5693   298  5701   302  5711
   314  5717   326  5737   334  5741   346  5743   358  5749   362  5779
   382  5783   386  5791   394  5801   398  5807   422  5813   446  5821
   454  5827   458  5839   466  5843   478]
[5849  482 5851  502 5857  514 5861  526 5867  538 5869  542 5879  554
 5881  562 5897  566 5903  586 5923  614 5927  622 5939  626 5953  634
 5981  662 5987  674 6007  694 6011  698 6029  706 6037  718 6043  734
 6047  746 6053  758 6067  766 6073  778 6079  794 6089  802 6091  818
 6101  838 6113  842 6121  862 6131  866 6133  878 6143  886 6151  898
 6163  914 6173  922 6197  926 6199  934 6203  958 6211  974 6217  982
 6221  998 6229 1006 6247 1018 6257 1042 6263 1046 6269 1082 6271 1094
 6277 1114 6287 1126 6299 1138 6301 1142 6311 1154 6317 1174 6323 1186
 6329 1198 6337]
[1202 6343 1214 6353 1226 6359 1234 6361 1238 6367 1262 6373 1282 6379
 1286 6389 1294 6397 1306 6421 1318 6427 1322 6449 1346 6451 1354 6469
 1366 6473 1382 6481 1402 6491 1418 6521 1438 6529 1454 6547 1466 6551
 1478 6553 1486 6563 1502 6569 1514 6571 1522 6577 1538 6581 1546 6599
 1574 6607 1594 6619 1618 6637 1622 6653 1642 6659 1646 6661 1654 6673
 1658 6679 1678 6689 1706 6691 1714 6701 1718 6703 1726 6709 1754 6719
 1762 6733 1766 6737 1774 6761 1814 6763 1822 6779 1838 6781 1858 6791
 1874 6793 1882 6803 1894 6823 1906 6827 1934 6829 1942 6833 1954 6841
 1966 6857 1982]
[6863 1994 6869 2018 6871 2026 6883 2038 6899 2042 6907 2062 6911 2066
 6917 2078 6947 2098 6949 2102 6959 2122 6961 2126 6967 2138 6971 2174
 6977 2182 6983 2186 6991 2194 6997 2206 7001 2218 7013 2234 7019 2246
 7027 2258 7039 2302 7043 2306 7057 2326 7069 2342 7079 2362 7103 2374
 7109 2386 7121 2402 7127 2426 7129 2434 7151 2446 7159 2458 7177 2462
 7187 2474 7193 2498 7207 2518 7211 2554 7213 2558 7219 2566 7229 2578
 7237 2582 7243 2594 7247 2602 7253 2606 7283 2614 7297 2638 7307 2642
 7309 2654 7321 2722 7331 2734 7333 2746 7349 2762 7351 2798 7369 2818
 7393 2846 7411]
[2854 7417 2858 7433 2866 7451 2878 7457 2894 7459 2902 7477 2906 7481
 2918 7487 2942 7489 2962 7499 2966 7507 2974 7517 2978 7523 2986 7529
 2998 7537 3022 7541 3046 7547 3062 7549 3086 7559 3098 7561 3106 7573
 3118 7577 3134 7583 3142 7589 3158 7591 3166 7603 3194 7607 3202 7621
 3214 7639 3218 7643 3226 7649 3238 7669 3242 7673 3254 7681 3274 7687
 3314 7691 3326 7699 3334 7703 3338 7717 3386 7723 3394 7727 3398 7741
 3418 7753 3442 7757 3446 7759 3466 7789 3482 7793 3494 7817 3506 7823
 3518 7829 3554 7841 3566 7853 3574 7867 3578 7873 3602 7877 3622 7879
 3646 7883 3662]
[7901 3694 7907 3722 7919 3734 7927 3742 7933 3746 7937 3754 7949 3758
 7951 3778 7963 3802 7993 3814 8009 3826 8011 3862 8017 3866 8039 3898
 8053 3902 8059 3946 8069 3958 8081 3974 8087 3986 8089 3994 8093 3998
 8101 4006 8111 4022 8117 4034 8123 4054 8147 4058 8161 4078 8167 4106
 8171 4126 8179 4138 8191 4162 8209 4166 8219 4174 8221 4178 8231 4198
 8233 4222 8237 4226 8243 4258 8263 4262 8269 4274 8273 4282 8287 4286
 8291 4306 8293 4322 8297 4358 8311 4406 8317 4414 8329 4426 8353 4442
 8363 4474 8369 4478 8377 4486 8387 4502 8389 4534 8419 4538 8423 4546
 8429 4562 8431]
[4574 8443 4586 8447 4594 8461 4618 8467 4622 8501 4666 8513 4678 8521
 4682 8527 4694 8537 4702 8539 4714 8543 4742 8563 4754 8573 4762 8581
 4766 8597 4778 8599 4786 8609 4798 8623 4822 8627 4834 8629 4846 8641
 4874 8647 4882 8663 4894 8669 4918 8677 4934 8681 4946 8689 4954 8693
 5006 8699 5042 8707 5062 8713 5078 8719 5086 8731 5098 8737 5102 8741
 5114 8747 5158 8753 5182 8761 5186 8779 5218 8783 5234 8803 5242 8807
 5266 8819 5294 8821 5314 8831 5318 8837 5326 8839 5342 8849 5354 8861
 5366 8863 5374 8867 5378 8887 5386 8893 5398 8923 5414 8929 5422 8933
 5426 8941 5438]
[8951 5458 8963 5462 8969 5482 8971 5498 8999 5506 9001 5534 9007 5554
 9011 5578 9013 5582 9029 5594 9041 5602 9043 5606 9049 5638 9059 5666
 9067 5674 9091 5686 9103 5702 9109 5714 9127 5722 9133 5758 9137 5774
 9151 5794 9157 5806 9161 5818 9173 5834 9181 5854 9187 5878 9199 5906
 9203 5914 9209 5926 9221 5938 9227 5942 9239 5998 9241 6002 9257 6022
 9277 6038 9281 6046 9283 6074 9293 6082 9311 6098 9319 6122 9323 6134
 9337 6158 9341 6166 9343 6178 9349 6218 9371 6238 9377 6242 9391 6274
 9397 6326 9403 6334 9413 6338 9419 6362 9421 6374 9431 6382 9433 6406
 9437 6418 9439]
[6434 9461 6442 9463 6458 9467 6502 9473 6506 9479 6514 9491 6518 9497
 6542 9511 6598 9521 6602 9533 6614 9539 6626 9547 6638 9551 6646 9587
 6658 9601 6662 9613 6686 9619 6694 9623 6718 9629 6722 9631 6742 9643
 6746 9649 6778 9661 6782 9677 6814 9679 6826 9689 6866 9697 6898 9719
 6914 9721 6922 9733 6926 9739 6934 9743 6938 9749 6982 9767 6998 9769
 7022 9781 7034 9787 7054 9791 7058 9803 7066 9811 7078 9817 7082 9829
 7094 9833 7114 9839 7118 9851 7142 9857 7162 9859 7166 9871 7186 9883
 7214 9887 7226 9901 7234 9907 7246 9923 7262 9929 7274 9931 7286 9941
 7318 9949 7342]
[ 9967  7346  9973  7354 10007  7382 10009  7394 10037  7402 10039  7418
 10061  7438 10067  7454 10069  7466 10079  7478 10091  7522 10093  7534
 10099  7538 10103  7558 10111  7586 10133  7594 10139  7606 10141  7642
 10151  7646 10159  7666 10163  7694 10169  7702 10177  7706 10181  7726
 10193  7754 10211  7762 10223  7778 10243  7814 10247  7822 10253  7834
 10259  7838 10267  7846 10271  7858 10273  7862 10289  7886 10301  7894
 10303  7934 10313  7978 10321  8002 10331  8006 10333  8014 10337  8026
 10343  8038 10357  8042 10369  8054 10391  8098 10399  8102 10427  8114
 10429  8146 10433  8158 10453  8182 10457  8186 10459  8198 10463  8222
 10477  8254 10487  8258 10499  8266 10501]
[ 8278 10513  8306 10529  8314 10531  8318 10559  8354 10567  8402 10589
  8422 10597  8434 10601  8438 10607  8458 10613  8462 10627  8482 10631
  8486 10639  8506 10651  8518 10657  8522 10663  8542 10667  8546 10687
  8566 10691  8578 10709  8594 10711  8654 10723  8674 10729  8678 10733
  8698 10739  8714 10753  8726 10771  8746 10781  8782 10789  8794 10799
  8818 10831  8842 10837  8846 10847  8882 10853  8894 10859  8902 10861
  8914 10867  8926 10883  8962 10889  8966 10891  8986 10903  9014 10909
  9026 10937  9034 10939  9038 10949  9046 10957  9094 10973  9098 10979
  9122 10987  9134 10993  9166 11003  9182 11027  9194 11047  9206 11057
  9242 11059  9274 11069  9278 11071  9286]
[11083  9298 11087  9302 11093  9314 11113  9326 11117  9346 11119  9358
 11131  9382 11149  9406 11159  9442 11161  9446 11171  9458 11173  9466
 11177  9502 11197  9518 11213  9566 11239  9574 11243  9578 11251  9586
 11257  9598 11261  9602 11273  9626 11279  9634 11287  9662 11299  9722
 11311  9742 11317  9754 11321  9778 11329  9806 11351  9818 11353  9838
 11369  9862 11383  9866 11393  9874 11399  9886 11411  9902 11423  9914
 11437  9934 11443  9938 11447  9946 11467  9974 11471  9986 11483  9998
 11489 10006 11491 10018 11497 10022 11503 10042 11519 10046 11527 10078
 11549 10102 11551 10118 11579 10154 11587 10162 11593 10174 11597 10198
 11617 10202 11621 10214 11633 10226 11657]
[10238 11677 10294 11681 10306 11689 10334 11699 10342 11701 10358 11717
 10378 11719 10394 11731 10418 11743 10454 11777 10462 11779 10466 11783
 10474 11789 10522 11801 10546 11807 10558 11813 10562 11821 10594 11827
 10606 11831 10618 11833 10646 11839 10666 11863 10694 11867 10702 11887
 10762 11897 10774 11903 10786 11909 10798 11923 10814 11927 10826 11933
 10834 11939 10838 11941 10862 11953 10874 11959 10882 11969 10886 11971
 10898 11981 10942 11987 10954 12007 10958 12011 10966 12037 11002 12041
 11006 12043 11014 12049 11038 12071 11042 12073 11054 12097 11062 12101
 11114 12107 11126 12109 11138 12113 11146 12119 11162 12143 11182 12149
 11246 12157 11278 12161 11282 12163 11294]
[12197 11302 12203 11306 12211 11314 12227 11318 12239 11338 12241 11366
 12251 11378 12253 11386 12263 11402 12269 11422 12277 11434 12281 11474
 12289 11482 12301 11486 12323 11498 12329 11558 12343 11566 12347 11582
 12373 11602 12377 11614 12379 11626 12391 11642 12401 11654 12409 11678
 12413 11686 12421 11698 12433 11702 12437 11714 12451 11722 12457 11734
 12473 11738 12479 11758 12487 11762 12491 11794 12497 11806 12503 11846
 12511 11854 12517 11878 12527 11906 12539 11962 12541 11974 12547 12014
 12553 12022 12569 12058 12577 12074 12583 12086 12589 12094 12601 12106
 12611 12134 12613 12146 12619 12158 12637 12178 12641 12182 12647 12202
 12653 12226 12659 12242 12671 12262 12689]
[12266 12697 12286 12703 12302 12713 12326 12721 12346 12739 12394 12743
 12398 12757 12406 12763 12422 12781 12434 12791 12442 12799 12458 12809
 12494 12821 12514 12823 12526 12829 12538 12841 12542 12853 12554 12889
 12574 12893 12598 12899 12602 12907 12622 12911 12634 12917 12646 12919
 12658 12923 12674 12941 12686 12953 12706 12959 12718 12967 12722 12973
 12734 12979 12746 12983 12758 13001 12778 13003 12794 13007 12842 13009
 12854 13033 12898 13037 12902 13043 12938 13049 12946 13063 12962 13093
 12982 13099 13042 13103 13058 13109 13094 13121 13102 13127 13106 13147
 13126 13151 13138 13159 13142 13163 13154 13171 13162 13177 13198 13183
 13214 13187     4 13217     2 13219     1]

