[240  77 180  91 288 175 216 245 264  35 312 275 252  55 168  65 144  85]
[119 300 133 120 143 324  95 192 115  72 125  84 145  96 155 108 161 132]
[270 187 320 203  60 209 126 185 156 205 198 215 204 217 228 221  90 247]
[253 210 299 150 259 160 319 224 235 234 265 276 287 200 301 220 323 280]
[140 121 294 169 306  49 260 297 112 295 308 305  48 289  80 189 176 117]
[ 99 208  25 162   5 272 231 304 225 196 135 256   7  36  11 100 273  40]
[ 56 165 104  17  24  13 128 315  88 195 136 105 152  23  30  19 110  63]
[255 182 285 154  29  42  31 184  45 232  75 248 147 130  37  54  41 170]
[266 153 286 171  70  43  66  47 238 207 296 243 190 261 230  53  78  59]
[279 250  81 290  27 310  61 102  67  64  15 322  33  20  21  32  71 114]
[ 28  39  44  51  50  57  52  73 138  79  68  87  76  69 116  93  92  83]
[111  98 123 124 129 148 141 164  89 174  97 172 159 188 177 212 183 236]
[242 201 244 213 268 219 284 237 292 101 186 103 316 249  16 267   8 291]
[303  10 309  14 321  22   9  26   3  34 107 222 109  38 113  46 127  58]
[ 62 131  74 137  82 139  86 149  94 151 246 157 258 163 282 167 318 173]
[179  12 181  18 191   6 193 106 197 118 199 122 211 134 223 142 227 146]
[158 229 166 233 178 239 194 241 202 251 206 257 214 263 218 269 226 271]
[277 254 281 262 283 274 293 278 307 298 311 302 313 314 317   4   1   2]

