[1680 1573 1260 1859 1440 1001 1800 1309 1080 1463 1560 1771 1920 1547
 1980 1729 1320  637  720  539 1200  833 1584 1225 1872 1925 1728  385
 1296  455  792  595  864  665  936  805 1056  875 1152  715 2016  935
 1512 1045 1008]
[ 143  840  187 1890  209 1620  847  960  931  900 1127  360 1183  480
 1421  540 1519  600 1813  780 2009  660 2023 1188 1015 1224 1085 1248
 1265 1368 1105 1656 1235 1632 1295 1404 1435 1716 1505 1824 1375 1344
 1495 1764 1595]
[ 420  221  504  247  630  253 1020   77 1170  119  990   91 1140  161
 1350  133 1380  203 1500  217 1530  259 1650  287 1836 1625 1944 1615
  672 1705  756 1885 1848 2015  576 1645  432 1715  528 1855  624 1955
  924  325 1176]
[ 299 1050  319 1120  323 1092  341 1710  301 1740  329 1760  343 1860
  371 1950  407 1600  377  240  403  648  391  810  413  816  175 1104
  275 1428  475 1386  425 1596  575  912  245 1392  775 1536  605 1638
  725 1932  845]
[1400  437 1470  451 1820  473 1960  481  880  427 1040 1071 1520  469
 1360  497 1488  493 1540  527  336  925 1134  517 1776 1025 1782 1075
 1456 1175 1232 1325 1968 1445  252 1475  288 1525 1904 1675  468 1775
  396 1805  588]
[1287  560  533 1840 1683 2000 1881  700 1989  800  693 1280  819 1100
 1197 1300  511  180  551  300  559  612 1825  684 1975  768  625  828
   55  882   65  972   35 1044   85 1116   95 1332  115 1452  125 1476
  145 1548  155]
[ 980  891 1568 1053 1792 1377  280 1539  440 1323 1700 1449 1900 1701
  520 1617  640  553  450  581 1692  185 1908  205  168  215  216  235
  312  265  264  295  384  305  378  335  408  355  456  365  462  395
  546  415  552]
[1863  680 1089  760 1521  616  351  770  459  920 1827 1000 1911 1160
 1953 1480  567 1144  589  120  583  696  445  594  485  702  505  714
  515  728  535  744  545  798  565  858  623  888  611  896  629  966
  635  918  649]
[ 910  297  952  429 1064 1755 1288  513 1240  441 1408  189 1496  273
 1640  231 1664 1575 1768  667  210  671  984  655 1026  679 1032  685
 1122  695 1128  689 1218  697 1242  703  270  707  330  713  390  731
 1254  721  510]
[ 561 1330  621 1190  759 1624 1485 1736  627 1720  357 1430  399 1870
  483 1880  609 1672  945 1976  737  570  749 1272  745 1326  755 1302
  767 1464  763  690  779  750  781  870  791  930  793 1110  799 1155
  851 1230  803]
[1610  663 1750  741  400  837  784 2025  448  783 2024  651 1936  777
  320  861  704 1365 1088  315  832  869 1290  871 1416  785 1482  815
 1518  817 1410  889 1566  893 1554  901 1608  913 1590  899 1704  943
 1674  917 1770]
[ 957 1216  897 1856  903 1472  495 1984  585  224  675  352 1785  416
  969  160  987  544 1995  572  525  608  923 1722  835 1752  865 1794
  895 1896  949 1830  959 1914  905 1806  955 1938  973 1992  965 1974
  979 1998  989]
[ 140  999  200 1023  260 1029  736  735  748  855 2002  765  836 1035
  308 1107  220 1113  884 1125  928  825  392  985  144  995  324 1003
  192 1007 2010 1027 1458 1037   72 1055   84 1067   60 1043   96 1073
   90 1057  108]
[1131  340 1161  350 1173  380 1209  968  975  476 1215  364 1275  532
 1305  644 1269  460 1221  812 1395  988 1665  868 1079  126 1081  132
 1099  150 1111  204 1115  156 1121  198 1135  228 1133  234 1139  276
 1141  306 1145]
[ 490 1311  500 1353  580 1239  550 1281  992 1425 1012 1845 1036 1725
 1078 1935 1148 1419  620 1431 1184 1815 1196  405 1204 1147  294 1157
  342 1169  348 1159  372 1165  414 1189  444 1177  486 1195  492 1199
  516 1205  522]
[1443  820 1407  650 1491  740 1479  860 1533 1276 1875 1274  225 1292
  135 1312  165 1316 1593  850 1551 1352  105 1364  195 1372 1207  558
 1211  564 1219  666 1241  636 1243  708 1247  732 1253  726 1255  738
 1261  774 1267]
[ 940 1581  950 1647 1060 1599 1150 1653 1180 1659 1376  255 1484  345
 1504  285 1508  375 1564 1677 1220 1743 1612  435 1628  465 1652 1273
  846 1271  804 1285  852 1313  876 1315  948 1331  954 1333  996 1337
 1062 1339 1068]
[1749 1340 1833 1210 1767 1420 1809 1460 1869 1450 1887 1694  555 1666
  615 1696  645 1708  705 1748 1917 1550 1947 1862  795 1804  915 1888
 1343 1014 1345 1098 1351 1164 1349 1206 1355 1212 1357 1236 1363 1278
 1379 1284 1385]
[1580 1971 1660 2001 1690 2013 1780  729 1850   63 1892  885 1876 1065
 1924 1005 1952 1095 1972 1185 1024   99 1940  117 1988 1245  112 1335
  176 1387 1308 1391 1314 1393 1356 1397 1422 1403 1494 1405 1524 1411
 1572 1415 1602]
[ 147 2020  153   80  171  208  207  272  243  304 1455  368 1515  464
 1545  496 1605  512 1635  592 1695  656  261  688 1905  752 1965  848
   45  944 1441 1644 1417 1668 1457 1734 1465 1746 1469 1788 1477 1812
 1501 1818 1507]
[ 976  279 1072  333 1136   75 1168  363 1250  369 1264  387 1328  423
 1424  477 1552  507 1616  531 1648  549 1712  603 1744  639 1808  657
  196  711  100 1513 1854 1517 1884 1529 1926 1535 1956 1537 1962 1541
 2004 1555   48]
[ 747  256  801  484  867  676  873 1156  909 1444  927   40  963   56
  981   70 1017   88 1083  104 1143  110 1179  128 1233  130 1251  136
 1341  152 1359  154 1565  162 1561   36 1577   24 1585   42 1591   30
 1589   54 1603]
[ 170 1413  182 1467  184 1503  190 1557  230 1611  232 1587  238 1629
  248 1719  250 1737  286 1773  266 1791  290 1899  296 2007  310   81
  322   15  328   27  344 1631   66 1633   78 1639  102 1643  114 1649
  138 1651  174]
[  21  370   33  376   39  374   69  406   51  410   57  424   87  418
  111  430   93  442  123  434  129  470  159  472  141  488  177  494
  183  506  201  518  213  530 1673  186 1655  222 1661  246 1679  258
 1685  282 1687]
[ 536  219  568  237  574  249  584  267  590  291  598  303  602  309
  610  321  632  327  638  339  646  381  658  393  664  411  670  417
  682  447  686  453  712  471  710 1691  318 1703  354 1717  366 1711
  402 1727  426]
[ 489  742  501  730  519  754  537  776  543  782  573  790  579  806
  591  808  597  814  633  824  669  826  681  830  687  854  699  856
  717  872  723  874  753  890  771  902 1735  438 1739  474 1745  498
 1751  534 1757]
[ 904  789  938  807  946  813  962  831  970  843  986  849  994  879
 1010  921 1016  933 1022  939 1030  951 1034  993 1048 1011 1054 1041
 1066 1047 1070 1059 1090 1077 1096 1101 1102 1763  582 1765  606 1769
  642 1781  618]
[1119 1106 1137 1112 1149 1118 1167 1130 1191 1162 1203 1166 1227 1178
 1257 1192 1263 1208 1293 1222 1299 1246 1317 1256 1329 1258 1347 1270
 1371 1298 1383 1304 1389 1310 1401 1334 1437 1336 1793  654 1795  678
 1799  762 1807]
[1342 1461 1358 1473 1370 1497 1378 1509 1384 1527 1390 1563 1394 1569
 1406 1623 1414 1641 1426 1671 1432 1689 1442 1707 1448 1713 1462 1731
 1474 1761 1490 1779 1498 1797 1510 1803 1526 1817  786 1819  822 1829
  834 1835  894]
[1821 1528 1837 1534 1839 1544 1841 1558 1851 1562 1843 1570 1857 1576
 1853 1582 1865 1586 1883 1592 1891 1598 1893 1606 1895 1634 1897 1630
 1909 1670 1903 1688 1915 1702 1919 1730 1921  906 1927  942 1937  978
 1939 1002 1943]
[1738 1923 1742 1929 1778 1941 1784 1945 1786 1959 1790 1957 1798 1961
 1038 1963 1074 1967 1086 1969 1146 1981 1802 1977 1816 1983 1810 2019
 1832 1991 1158 1985 1182 2005 1194 2021 1266   25 1338   49 1362  121
 1374  169 1398]
[   9 1826  289 1834  361 1846  529 1434  841 1864  961 1446 1369 1506
 1681 1542 1849 1578    5 1614    7 1626   11 1886    3 1898   17 1910
   13 1662   19 1686   23 1698   29 1758   31 1842   37 1866   41 1878
   43 1902   47]
[1912   53 1918   59 1928   61 1930   67 1946   71 1958   73 1970   79
 1978   83 1986   89 2006   97 1990  101 2008  103 2014  107 2022  109
   64  113   12  127   18  131   20  137   28  139   32  149   44  151
   50  157   52]
[163  68 167  76 173  92 179  98 181 116 191 124 193 148 197 164 199 172
 211 188 223 212 227 236 229 242 233 244 239 268 241 284 251 292 257 316
 263 332 269 338 271 356 277 388 281]
[404 283 412 293 428 307 436 311 452 313 508 317 524 331 548 337 556 347
 578 349 596 353 604 359 628 367 652 373 668 379 692 383 716 389 722 397
 724 401 764 409 772 419 788 421 796]
[ 431  844  433  892  439  908  443  916  449  932  457  956  461  964
  463 1004  467 1028  479 1052  487 1058  491 1076  499 1084  503 1108
  509 1124  521 1132  523 1172  541 1228  547 1244  557 1252  563 1268
  569 1324  571]
[1348  577 1388  587 1396  593 1412  599 1436  601 1468  607 1492  613
 1516  617 1532  619 1556  631 1588  641 1604  643 1636  647 1676  653
 1682  659 1684  661 1724  673 1732  677 1756  683 1772  691 1796  701
 1828  709 1844]
[ 719 1852  727 1868  733 1916  739 1922  743 1948  751 1964  757 1996
  761 2012  769   16  773    6  787    8  797   10  809   14  811   22
  821   26  823   34  827   38  829   46  839   58  853   62  857   74
  859   82  863]
[  86  877   94  881  106  883  118  887  122  907  134  911  142  919
  146  929  158  937  166  941  178  947  194  953  202  967  206  971
  214  977  218  983  226  991  254  997  262 1009  274 1013  278 1019
  298 1021  302]
[1031  314 1033  326 1039  334 1049  346 1051  358 1061  362 1063  382
 1069  386 1087  394 1091  398 1093  422 1097  446 1103  454 1109  458
 1117  466 1123  478 1129  482 1151  502 1153  514 1163  526 1171  538
 1181  542 1187]
[ 554 1193  562 1201  566 1213  586 1217  614 1223  622 1229  626 1231
  634 1237  662 1249  674 1259  694 1277  698 1279  706 1283  718 1289
  734 1291  746 1297  758 1301  766 1303  778 1307  794 1319  802 1321
  818 1327  838]
[1361  842 1367  862 1373  866 1381  878 1399  886 1409  898 1423  914
 1427  922 1429  926 1433  934 1439  958 1447  974 1451  982 1453  998
 1459 1006 1471 1018 1481 1042 1483 1046 1487 1082 1489 1094 1493 1114
 1499 1126 1511]
[1138 1523 1142 1531 1154 1543 1174 1549 1186 1553 1198 1559 1202 1567
 1214 1571 1226 1579 1234 1583 1238 1597 1262 1601 1282 1607 1286 1609
 1294 1613 1306 1619 1318 1621 1322 1627 1346 1637 1354 1657 1366 1663
 1382 1667 1402]
[1669 1418 1693 1438 1697 1454 1699 1466 1709 1478 1721 1486 1723 1502
 1733 1514 1741 1522 1747 1538 1753 1546 1759 1574 1777 1594 1783 1618
 1787 1622 1789 1642 1801 1646 1811 1654 1823 1658 1831 1678 1847 1706
 1861 1714 1867]
[1718 1871 1726 1873 1754 1877 1762 1879 1766 1889 1774 1901 1814 1907
 1822 1913 1838 1931 1858 1933 1874 1949 1882 1951 1894 1973 1906 1979
 1934 1987 1942 1993 1954 1997 1966 1999 1982 2003 1994 2011 2018 2017
    4    1    2]

