[720 539 360 637 480  77 540  91 600 119 660 133 576 385 432 455 528 595
 624 665 648 715 504 275 672 325 336]
[143 240 161 180 187 288 203 300 209 450 217 396 175 468 245 612 475 216
 425 264 575 252 605 588 725 684 625]
[420 221 120 247 630 253 270 259 312 287 330 299 384  35 408  55 168  65
 378  85 456 115 546  95 462 125 552]
[319 560 323 700 341 210 377 440 301 390 329 510 343 594 145 702 155 616
 185 696 205 714 215 728 235 144 265]
[280 297 520 459 640 391 570 371 680 407 690 403 324 295 192 305 448 585
 704 335  72 355  84 365  96 395 108]
[351 400 693 320 567 160 413  60 427  90 451 126 415 132 437 156 445 224
 675 308 481 198 485 204 469 228 473]
[140 429 200 441 220 189 260 493 150 497 234 505 276 511 306 515 294 517
 364 405 352 527 342 533 340 553 348]
[513 350 561 380 273 460 231 416 551 372 535 392 545 414 559 444 565 476
 495 532 225 572 581 486 583 492 589]
[490 621 500 357 550 399 544 315 176 611 516 629 522 623 558 635 564 649
 608 135 644 255 208 655 666 667 525]
[627 580 483 620 609 650 651 272 105 304 671 636 679 708 685 726 689  48
 695 112 165 368 285 464 697  80 703]
[496 663 512 729 592  63 656 195 688 345 196 713 162 707  36 721 100  49
 256 375 676 435 484 465  56  99  40]
[555  88 615 104 645 128 705 136  45 152  75 154  25  24 121  30 169  54
 289 182 153 184 117 232 171  70 207]
[238 243 248 147 286 261 266 279 296 363 322 333 328 361  42 529  66   5
  78  11 130 369 110 387 170 423 190]
[477 230 507 250 531 310 549 290 603 344 639 374 657 370  13 102   7 114
  17 138  19 376 711 406  81 410  21]
[418  27 424  33 430  39 434  51 470  57 442  15 472  69 488  23 174  31
 222  29 186  37 494  93 506  87 530]
[111 536 123 518 141 568 129 574 159 584 177 598 183 590 201 602  41 258
  47 246  43 282  53 610 213 632 219]
[638 237 646 249 670 267 658 291 664 303 682 309 686 321 710 327 712  59
 318  61 354  67 366  71  64 339  20]
[381  28 393  32 411  44 417  50 447  52 453  68 471  76 489  92 501  98
  73 402  79 426  83 438  89 116 519]
[124 537 148 543 164 573 172 579 188 591 212 597 236 633 242 669 244 681
 268  97 498 101 474 103 582 107 284]
[687 292 699 316 717 332 723 338   9 356   3 388 109 404 113 412 127 428
 131 534 137 618 139 606 149 654 151]
[436 157 452 163 508 167 524 173 548 179 556 181 642 191  12 193 678 197
  18 199 578 211 596 223 604 227 628]
[229 652 233 668 239 692 241 716 251 722 257  16 263 724 269   6 271   8
 277  10 281  14 283  22 293  26 307]
[ 34 311  38 313  46 317  58 331  62 337  74 347  82 349  86 353  94 359
 106 367 118 373 122 379 134 383 142]
[389 146 397 158 401 166 409 178 419 194 421 202 431 206 433 214 439 218
 443 226 449 254 457 262 461 274 463]
[278 467 298 479 302 487 314 491 326 499 334 503 346 509 358 521 362 523
 382 541 386 547 394 557 398 563 422]
[569 446 571 454 577 458 587 466 593 478 599 482 601 502 607 514 613 526
 617 538 619 542 631 554 641 562 643]
[566 647 586 653 614 659 622 661 626 673 634 677 662 683 674 691 694 701
 698 709 706 719 718 727   4   1   2]

