[10080  2431 12600  2717  7560  3289  5040  3553 10920  4301  8400  4147
 10800  7007 12240 10241  9360  9163  8640 10829 11880 12103  7920  8281
 10560  1547  7200 11011 11520 12397 12480  5929 11700  1309  6480  1001
  4320  1463  4680  1771  5400  1729  9900  2093  3960  2261  5280  2639
  5760  2233  6120  2387  6240  2737  5940  2821  6600  3059  7020  2849
  6840  3157  7800  3311  8160  3367  8280  3451  8580  3689  9000  3619
  9120  3731  9180  3773  9600  3857  9504  7735 12672  8645  6336 10465
  9792  5005 10944  6545 11232  7315  7488  8855  5616  9625  7344 11165
  8208 11375  4752 11305 10296  2975  6864  3325  7128  2275  8976  3185
  9936 11935  8424  1925 10368]
[ 4199 11340  4433 11760  4807  6720  5083 12096  5423  6300  5291  8820
  5681  9720  3913 10200  4081 10260  4277 10440  4123 11040  4403 11160
  4459 11400  4543 12000  4669  3600  4697 12420  4879  8100  4823  2880
  4921  4800  4991  2160  5117  2640  5369 11220  5453  3120  5593 12540
  5551  3240  5159  4080  5467  4560  5831  5520  5719  6000  5621  6960
  5797  7680  5957  7440  5863 10320  6061  8880  6251  8910  6097  9840
  6083 11016  6149 11280  6293 10530  6307 10032  4025 12528  4165 12312
  2695  4896  3575  5472  4235 10608  4655  3744  4675 11856  5075  6624
 12155  6912  5425 12144  6125  3168  5635  5148  6475  6732  5915  7524
  5525  7776  5225  7956  6325]
[ 9240  6409  9072  6479  2520  6721  3360  6851  3780  6919  4200  7163
 11088  7429 12720  6391  1440  6461  1800  6517 11440  7021  1980  6601
  2400  6643  2700  6853  2340  6923  3060  7049  3300  7189  3420  7259
  3840  7337  3900  7469  4140  7511  4500  7553  4860  7567  4950  7889
  5100  7579  5220  7657  6660  7667  5580  7733  5850  7777  5700  7843
  5460  8041  7380  7847  6900  7931  7650  8099  7260  7973  7740  8029
  8352  6175  6048  8177  8448  8113  8460  8323  8712  7175  8892  7105
  8928  7475  8064  7865 10656  7525  9108  7595  9984  7975 10764  8075
 10584  8525 11628  8225 10692  8575 11484  9065 11616  9275 11808  9425
  5544  9775  6552 10175  8568]
[ 8671  4620  9061  5880  8437  7140  8569  9450  8723  7980  8789  9660
  9139  6930  9269  8550  8239  8700  8393  9300  8449  8800  8533 10140
  8687  9540  8701 10350  8729 10400  8897 10620  8827 10890  9191 11100
  8911 10980  8987 12060  9317 12150  9331 12300  9361 12168  9367 12276
  9373 12384  9401  5184  9443 12636  9499 11664  9541  9216  9503  9576
  9889  8190  9823  1080  9581  1920  9709  1320  9737  2280  9779  1560
  9821  2376 10075  7392 10925  2808  9877  2760  9919  3456 10045  3432
 10115  4104  9295 11424 11275  3672 10325  4224 10535  4968 10285  8736
 11495  9828 11825  4992 10675  4488 11515  5016 11725  5304 12425  6072
 12025  8316 12325 11592  6875]
[10500 10013 11550 10127 10710 10153 12180  9911 11970 10373 12768 10387
 12320 10621  7056 10439  2040 10087  3000  9947  2970 10199  3480 10507
  3510 10549  3720 10283  4440 10591  4290 10619  4590 10633  4920 10703
  5160 10759  5640 10879  5130 10787  5610 11039  6264 12635  6696  4375
  6528  8125  7296 10625  7176 11875  7656 12005  5928  1225  7992  3025
  4032 11033  9408 11063 11200 11077  6210 11137  6270 11339  6360 11407
  6750 11431  7752  4225  3024  7225  7722 11501  7040 11543  8184  9025
  8832   385  8856   715  4536  1045  9048   595  9672   665  9288   935
  4368  1265  5712  1375  9384   455  9768   805 10098   875 10152  1015
 10488  1105  3696  1235  7728]
[11297  1680 11609  5670 11687  6384 11713  9744 11869  9520 11803 10416
 11951  6160 12121 10640 11891  6630 11473  7080 11557  7320 11627  7830
 11753  7410 11977  7480 11837  5720 12019  7590 11921  8040 12089  8320
 12173  8250 12257  8370 12259  8360 12341  8520 12331 11136  1295 10824
  1085 11286  1435 11352  1615 12012  1955 11448  1505 11544  1595 10752
  1495 12432  1625 12474 12673  7280 12529  8760 12383  9480 12467  9960
 12551  8840 12617  2016  1705  3276  2125 12408 12649  9570 12691 11832
  1645 11904  1715 12648  1885  3528  2035 12744  1855 11934  2065  1872
  2185  4284  2015  4704  2255  2448  2135  1584  2345  2592  2365  2736
  2405  2772  2375  5292  2465]
[ 1260 12727  2100 12749  2940  1573  3150  1859  4410  2299  5376  2585
  5796  2873  4788  2057  5600  2783  9690 12719  9990 12733  8970   539
  9750   833  9880 10143 10880 10773 10120   637 10230   931 10680   847
 11070  1127 11000  1183 11610  1421 11640  1519 11310  1813  3312  2485
  3564  2555  3888  2635  6468  2755  6804  2665  4176  2765  4212  2875
  7308  2795  7812  3055  9324  3179  7350  3211 11730  2009 12120  2023
 11960  6237 12160  3509  7644  2915 10332  2945  4608  2107 12090  2303
  4464  2905  5328  3115  5508  3245  9996  3335  5808  3395  5904  3145
  9702  3445 10164  3485 10836  3355  6156  3535  6192  3515 11466  3565
 11172  3625 11844  3655 12348]
[ 3751  7840  3757  8960  3887  9800  3971 11900  4477  9100  4961  1512
  3685  2688  3835  3192  4901   840  5203 12360  2527 12210  2597 12690
  2891 12760  9639  4400  7371  6800  5733  7600  2989 12750  3283   720
  3479  1200  3577  1620  3703  4050  3871  5200  4067  6768  3605  7452
  3745  7632  3815  8112  3875  1848  3895  2856  3905  8496  3955  8784
  3995  3864  3965  4158  4085  2184  5491  7700  4693  7500  4361  9200
 11781 11600  9009 12400  5687  4872  4015  4914  4255  9396  4753  9648
  4345 10044  4355 10224  4445 10512  4465  5208  4505 11376  4495  6006
  4625  6426  4615  6216  4565  6888  4745 11952  4585  1728  4715  7182
  4895  7224  5015  7896  4945]
[12740  5049  4480 11583  4760  3861  6440  5643  3640  6831  5320  5239
  8232  5035  7854  5125  8694  6137  1890  5819 11250  4949  9680  5047
 11988  5243  3520  7497  6080  4851  5440  7623  4160  5341   960  5537
  2112  5887  2496  6223  3264  6253  3648  6413  4416  4795  5568  4865
  5832  5135  5952  5185  8008  5365  8904  5335  9282  5375  7104  5215
  7872  5395  8778  5405  9856  5605 10248  6647 10780  6877  7290  6419
  7360  8379  8000 10647  9280  6929  9912  5555 10374  5665  8256  5285
  9024  5495 10176  5695  9152  5705 11328  5785 10626  5735 10472  5795
 10962  5875 11256  5885 11648  5995 11718  5945 11712  5845 11968  6095
 11928  6205 11704  6035 12264]
[ 8613  7000  5967  8120  6669  8680  7293 10360  8721 11480  8073  3080
  7267  1008  6235 12376  6215 12558  7139  2730  7381  9920 11907 11840
  6713   900  6727  6400  2079 10000  2457  2720  3591 12100  6811  2304
  6055  4356  6265  6084  6335 10404  6305  2268  6355 12288  6365  1296
  6565  2352  6625  7938  6665  8624  6695  1344  6655 10192  6715   792
  6685   864  6785  4928  8775  7616  6745  5824 10557 12040  7943   360
  7301  1760  3213  2200  4347  3040  8107  8512  6815 10206  6935   936
  6755  1056  6895  1152  6965  1188  6955 10304  7055  1764  7015 12544
  6985   504  7085   672  7205   756  7345   924  7285  1224  7375  1092
  7505  1176  7565  1248  7535]
[ 2800  8151  3920  9207  2240  9867  4900 10179  1120 10659  1400 10881
  1540  8303  1386  7585  1368  7625  1404  8381  3990  8591  2080  3927
  2600  7399   480  7693  3200  3003  3400  4389  3680  4641  3800  7987
  1632  7385  1656  7645  1824  7685  1428  7705  1596  7955  1638  7885
  1836  8165  1716  8215  1932  8245  1944  8195  2052  8305  2088  7805
  2208  7945  2232  8255  2464 11115  3808  7425  2912 10989  1960  8833
   540  8183  2860  5481  3740  5859  4000 12177  4256  8375  2142  8395
  2244  8015  2484  8155  2508  8365  2664  8455  2436  8515  2394  8555
  2604  8585  2646  8635  2652  8695  2784  8755  2574  8435  2904  8815
  2898  8845  2952  8785  2964]
[11799  2380 12441  2660  9801  3500 12597  3220  8019  1820 12393  3850
  9477  4060  8957  2976  8875  3036  8995  3096  8959  4830  9251  4600
  6699  4420  8477   600  8771  4640  5187  4960  6783  4840  6279  4180
  8869  3132  8905  3108  8965  3348  9035  3234  9085  3366  9125  3384
  9145  3402  9095  3444  9185  3552  9205  3588  9265  3612  9215  3816
  9415  3762  9485  3828  9455  4312  5265  5152  8415  5096  1683  4340
  8993   660  9359  4576  6993  4940  5313  5800  1287  6272  9515  3654
  9545  3876  9635  3978  9695  3936  9595  3822  9605  3906  9685  3948
  9715  3996  9785  4056  9805  4004  9875  4092  9835  4128  9815  4116
  9845  4248  9905  4392  9955]
[10010  3933  5180  1989  5740  1881  5920  2223  5950  2277  4550  2907
  5060  3159  5236 10105  4428 10165  4512 10205  4452  9559  3570  9971
  6200  7749  5500  9457   780  9583  5984  7917  6560  8127  6380  8211
  6500  9653  4554 10295  4446 10235  4644 10355  4524 10255  4692 10375
  4662 10385  4884 10585  4824 10505  4836 10615  4956 10595  4998 10735
  5076 10745  5088 10795  5082 10855  5852  9945  6496  9405  6944  2673
  6020 10051   990  9751  5980  7161  6460  8463  6880  2691  6664 10835
  5112 10865  5124 10915  5244 10885  5256 10945  5166 10985  5346 11005
  5382 10955  5412 11095  5664 11125  5418 11135  5676 11155  5586 11245
  5628 11285  5688 11315  5724]
[ 3519  5390  3393  6580  2871  6188  3069  6860  3267  6370  3663  6760
  8883  6688  9315  6776 11395  5742 11585  5814 11455  5772 10043  5250
 10309  6820  9177  7072 10339  1020 10469  7400  9261  7150 10017  7520
  8547  7540 10693  5856 11605  5916 11615  5922 11645  5976 11635  5964
 11765  6132 11815  6138 11795  6144 11845  6174 12035  6204 12065  6318
 12095  6324 12125  6372 12245  6408 12305  7448  6435  8288 10725  9016
  3627  7420 10933  1140 10571  7820  9471  8480 10101  8200  4257  6916
 12265  6432 12415  6534 12145  6396 12215  6588 12395  6612 12355  6708
 12445  6786 12455  6816 12485  6636 12505  6678 12535  6936 12545  6762
 12595  6972 12625  6984 12565]
[ 6650  4131  7084  4329  8050  4059  7904  4437  8060  4617  8260  4653
  8500 11151  9724  7695  8096 12665  6996 12685  7008   175  7038 10769
  6090 11323  8140 11529  8600 10927  1170 11123  8740 10353  9020 11067
  9400  9933  9440 11191  7098   275  7068   325  7236   245  7272   425
  7326   475  7254   575  7332   605  7434   725  7416   775  7476   925
  7584   845  7548  1025  7668  1075  7686  1175  9044 11385  9184 11475
  8932  4563  8330 11737  7770 11999  9500 10857  9760 11319  9568 12375
  8372  1325  7704  1445  7788  1525  7848  1475  7866  1675  7884  1775
  7968  1805  8004  1825  8136  2075  8148  1975  8052  2225  8118  2425
  8262  2525  8268  2575  8364]
[ 4719  8540  4743  8470  4797  9310  5247  9380  4959  9350  5031  9860
 11193  9460 11571 10912 12285 10208  2645  8436  2675  8514  2725  8442
 11849  2310 12337 10240 12243  9620 11221  1350 11417 10340 11739 10450
 12663 10336  3969 10600 12221  8526  2825  8484  3125  8532  3175  8544
  3275  8556  3425  8652  3475  8658  3725  8664  3775  8748  3925  8772
  4075  8844  4175  8874  4325  8946  4205  8964  4475  9464  4455  9632
  6885  9548  5499  9940 12427  6510 12463 10540  5103 10660 12369 12064
 10125 10528  4525  8988  4775  9114  4825  9126  4805  9144  4925  9156
  4975  9198  5275  9204  5575  9234  5675  9306  5725  9312  5825  9348
  5975  9372  6025  9432  6275]
[10150  5301 10220  5589 10720  5577 10850  5661 10976  6003 11060  5841
 11020   819 11360  1071 11264 11025 10868  6425  9438  6575  9486  6725
  9492 12493  8610   143 11500   693 11050 11711  1380 11767 11560  1323
 11180  1449 11660  1197 11680   187  9516  6775  9588  6845  9594  6925
  9612  7025  9636  7075  9696  7325  9804  7675  9864  7775  9888  7825
  9918  7925  9954  8275 10008  8405 10062  8425 10212  8675 10556 12555
 11368  2925 10948  6039 11270   209  9030   247 11800  1617 12200  1701
 12512 11745 11284  8725 10272  8825 10428  8975 10452  9175 10458  9245
 10464  9325 10476  9475 10494  9575 10602  9725 10668  9925 10716 10025
 10728 10225 10788 10475 10812]
[ 6171 11620  6201 11396  6273 11780  6579 11830  6327 11872  6417 12220
  1953 12580  1827 12350  2331 12584  4725  7744 10525 10848 10775 10872
 10825 10878   221  9870   319 12640  2541  5120 11809  1500 12299 12650
  2499  1600  1911   880  2583 10816 10975 10908 11075 10956 11045 11004
 11225 10998 11425 11076 11525 11124 11575 11154 11675 11178 11975 11214
 12175 11304 12275 11316 12475 11322 12575 11388 12593 11556 12725 12236
  2475 12152  4275  7168  6633 12250   253 10290   299  1360  2709  1040
  2793  2288  3825 12628   625 11508    65 11676    55 11736    85 11682
  2401 11748    35 11772    91 11868    77 12006    95 12024   115 12036
   125 12054   185 12078   133]
[12460  6897  3136  5175  1232  6903   560  7011  1456  5445  1904  7029
  1520  2961  1840  3087  2000  3339  2992  4095  3344   119 12084   145
 12138   155 12192   323 11130   341  2320  3381  2480   161  1530   203
  2560  3549  2960  3717  3440  3843  3536   205 12204   215 12222   235
 12324   217 12342   259 12402   287 12444   265 12456   295 12516   305
 12546   301 12576   329 12654   335 12642   355 12696   343  3072   365
  2128  6075  2576  6525  3472  7047  3280   377 10395   403  3760  4221
  4048  5355  3952  6975  3248   391 12684   395 12726   407   576   371
  1650   413  2916   415   432   427  1710   451   336   437   528   445
   624   473   648   469  1740]
[ 7137  3584  7605  4144  9225  4816  7191  4240  7227  4592  8325  4784
  4263  4720  4473  4880  4557  5000  4599  5104  6615  5456   481   816
   485   912   493 12390   517   420   527  5360  4977  5168   497  1860
   511  5632  5229  5680  5439  5840  5607  6032   505  1104   515  1134
   535  1392   533  2070   551  1950   553  1488   545  1536   559  1776
   565  1782   581  2220   583  1968   589  2064   611  2250   623  2106
   629  5264  9075  5488  9675  5936  7353  6256   689   630   649  6320
  6027  6448  3465  6656 10575  6512   635  2256   655  2544   667  2430
   679  2460   671  2754   685  2832   697  1050   703  1470   713  2928
   695  3078   707  2550   721]
[ 6608 11925  6832 12675  6992  1485  7504  7533  6640  7659  7216  5985
  7568  6069  7120  6111  7696  6321  7760  6363  7888  6825  8272   745
  3216   731  2790   737  2580   767  2610   749  8080  6489  8432   763
  2820   779  8240  6741  8528  6867  8560  6909  8704   755  3408   785
  3504   781  2850   791  3180   799  3330   793  3726   803  3450   817
  3792   815  4272   869  3540   851  3630   871  3660   889  3690   893
  3870   899  7952  1755  8176  2145  8848  2565  9296   901  4020   913
  8720  7119  8816  5775  8944  7245  9328   835  3984   865  4656   917
  4230   923  4350   943  4698   895  4848   949  4260   979  4380   959
  4944   905  5022   973  4650]
[ 2295  9424  2805  9728  7875  9776  3105  9968  7803  8750  7839 10064
  8505 10384  7581  9040  7791 10160  7821 10480  8001 10672  8925 10736
   955  5136   989  4740  1003  4770  1027  4980  1007 10960  8037 11024
  1037  5070  1043 11120  8091 11152  8217 11248  8085 11408   965  5232
   985  5424  1057  5310  1067  5340  1079  5550  1099  5490  1073  5820
  1081  5994   995  6096  1111  6030  1121  6060  1133  6150  1139  6180
  1141  6390  1147 10864  3135 11312  3315 11536  3375 11776  1157  6420
  1159 11696  9555 12464  9135 11792  9765 12272  1055  6288  1115  6576
  1169  6450  1177  6540  1207  6642  1135  6672  1189  6570  1199  6780
  1211  6966  1145  7152  1219]
[11984  3795 12208  3915 12496  9975 12688  4125 12656  8109 11920  8253
  2816 11655  3328  8349 12080  8307 12560  8487   800  8541  3872 12075
  4352  1165  7248  1241  7050  1243  7470  1247  7110  1253  1100  8631
  1280  1267  7620  1261   700  8811   980  8619  4864 12495  5408  1195
  7536  1205  7614  1271  7860  1273  7950  1313  8010  1331  8220  1333
  8340  1337  7824  1255  8016  1339  8670  1349  8730  1343  8850  1351
  8940  1357  9060  1363  1568  3705  1792  4185  2156  4845  3388  1387
  9090  1379  5888 12705  7936  2835  6292  1575  7424  1285  8304  1315
  8586  1391  9150  1393  9270  1397  8592  1345  8688  1403  9420  1411
  9630  1417  9168  1355  9264]
[ 4485  3332  4785  2548  4995  7436  2205  9248  4875  3724  8901  1300
  8673  8228  3675  9472  8757  1700  8967  1900  8991  2300  9027  9196
   945 10496  1385  9456  1441  9780  1457  9810  1469 10020  1477  2420
  9063  2900  1501 10050  1507  2450  9243  3100  9333 11008  1155 11492
  1405  9552  1415  9558  1513 10170  1517 10380  1529 10650  1537 10740
  1541 10830  1561  9882  1465 10128  1577 10860  1589 10950  1591 11430
  1603 11460  1631 11580  1633  5684  5115  4508  5535  4732  5805  6076
  1639 11790  1643 11552  1365 11132  1785 12032  1995 12716  1535 10704
  1555 10854  1649 11820  1651 11850  1661 10896  1565 10992  1673 11940
  1679 12330  1687 11184  1585]
[ 7252  5655  8036  5865  8428  6345  1144  2415  1408  6045  8092  9603
  3380  9387  1496  2625  1664  9513  3700  9537  4100  9633  4300  9657
  1672  3045  1768  1655 11472  1691 12450  1703 12510  1711   240  1717
  4700  9711  5300  1727 12660  1739  5780  9729  5900  9747  2176  3255
  1976  1685 11502  1735 11568  1751   810  1757  3750  1763 11826  1769
 12048  1781 12336  1745 12624  1765   252  1793   180  1799   288  1807
   300  1817   396  1819   450  1829  9212  6105 10108  6375 10388  6555
 11564  1837   468  1795  2024  3885  2392  4305  2552  4515  2432  1835
   588  1843   768  1841   612  1883   684  1853   828  1865   972  1891
   882  1903  1044  1895  1116]
[ 6765 11956  7095   728  7125 11858  7155  2584  4935  2944  7215   896
  9963  6050  9849  2728  5145  3016  9891  6100  9999  6700 10089  7100
 10251  3224  5565  3128  1897  1332  1919  1452  1909  1476  1921  1548
  1937  7220 10197  7300  1927  1908  1939  7900 10269  8300 10323  3496
  6195  3256  1915  1692  1943  2028  1957  2124  1961  2178  1945  2412
  1963  2196  1967  2556  1969  2628  1985  2844  1981  2988  1991  3204
  2021  3042  2005  3492  2033  3468  2041   952  7755  1064  7395   616
  7905  1288  2045  3636  2051  3608  6405  3712  7035  3848  7455  3784
  2047  3708  2059  3852  2071  4068  2077  4332  2095  3924  2101  4572
  2105  4716  2119  4932  2117]
[ 1624  7965  1736  8235  2002  8265  2072  7995  3944  7665  3968  8385
  2618 10413  9700 10431  4136  8295  4216 10437  8450 10449  8900 10521
 10100 10527  4264  8715  4408  2123  5004  2147  5202  2149  5364  2155
  5436  2159 10580 10593 10300  2167  5652  2171 10700 10701 10900 10731
  4472  8625  2296  2165  5868  2173  6012  2177  6228  2183  6348  2189
  6444  2191  6498  2195  6516  2197  6876  2201  6948  2215  7092  2219
  7164  2227  7596  2245  8028  2231  8172  2249  2408  8745  2632  8835
  2744  9045  2926  2257  8244  2263  4664  9165  4712  9345  4736  9585
  2968  2285  8388  2279  8604  2291  8676  2305  9036  2315  9252  2317
  9468  2321  9522  2327  9684]
[ 9435  3416  9735  3094  9855  3304 10005  3752 10065  4888 10185  5032
 10335  3542 10863 11300 10899  4862 10545  5192 10971 12500 10791 12700
 11109   520 11169  5248 10605  5336  2329  9756  2323  9972  2335 10092
  2353 10116  2359   640 11187   280  2363 10188  2369   440 11223   680
 11253  3458 10665  3976  2395 10548  2407 11052  2413 11196  2419 11268
  2429 11412  2435 11532  2443 11916  2449 12132  2453 12492  2455 12564
  2461 12708  2479   168  2483   120  2471   216  2489  4088 10455  4186
 10875  4424 10695  4466  2491   210  2501  4522 10935  5368 10815  5434
 10965  4648  2495   264  2507   270  2497   312  2513   384  2509   330
  2533   378  2515   408  2519]
[ 4774 11205  4984 11055  5278 11625  5432 11505  5474 11685  5504 11235
  5576 11895  5624 11271   760 11277  5512 11445  5848 11349   920 11403
  1000 11421   770 11457  5704 11715  5642  2537   390  2563   456  2545
   462  2561   510  2569  1160 11439   910  2567   546  2573  1190 11661
  1330 11979  5656 11985  5698  2581   552  2587   594  2599   570  2611
   690  2603   696  2605   702  2615   714  2623   744  2627   798  2629
   750  2641   858  2669   870  2651   888  2653   918  2705  5768 12015
  5896 12255  5992 12765  6104  2701   930  2743  6016 11865  6136  2025
  6118 12045  6232  2681   984  2723  1026  2735  1032  2747   966  2759
  1110  2761  1128  2779  1230]
[ 5625  6248  3645  6328   495  6344   675  6314   585  6392   315  6424
   525  6536   735  6784 11613  1240 11913  6808   825  6902 11817  1480
 11997  1430 12087  1610 12051  7112   765  6578  2771  1218  2773  1122
  2785  1242  2807  1254  2839  1720 12141  1640  2813  1272  2827  1750
 12213  1880 12483  6622   855  6734  2815  1302  2831  1290  2863  1326
  2867  1416  2845  1464  2855  1482  2881  1410  2869  1518  2885  1554
  2893  1566  2911  1590  2899  1608  2921  1674  2923  1704  2929  6952
   975  7192  1035  6968  1125  7106  2933  1752  2935  7144  1215  7208
  1305  7336  1275  7304  2941  1770  2947  1794  2959  1806  2951  1722
  2977  1830  2981  1896  2983]
[ 7238  1395  7384  1425  7378  1665  7462  1725  7546  1845  7552  1935
  7544  1815  7592  2115  7808 12033  2120 12159  7912  2325  7672 12267
  1870 12201  2090 12519  2030 12627  7714  2385  7784  2965  1914  2993
  1938  2987  1992  2995  1974  3007  2210 12411  2360  3013  1998  3029
  2170 12573  2440 12699  7826  2175  7832  3005  2046  3017  2010  3031
  2130  3043  2058  3035  2136  3047  2190  3053  2214  3065  2226  3077
  2262  3071  2322  3073  2328  3085  2418  3091  2346  3095  2442  3097
  8024  2535  8056  2655  8162  2745  8216  3101  2424  3103  8246  2775
  8296  3015  8294  3075  8344  3107  2370  3113  2470  3127  2472  3131
  2478  3133  2490  3139  2530]
[ 3195  8398  3225  8456  3285  8536  3525  8576  3555  8554  3735  8584
  3975  8632  4005  8602  4365  8648 12537  2680 12753  8792  4335  8866
   567  2750  1053  2590   891  2840  1377  8888  4425  8806  3149  2562
  3151  2538  3143  2568  3155  2616  3173  2920  1539  2870  3161  2622
  3223  2990  2349  3010  1863  8918  4545  8968  3197  2670  3193  2706
  3199  2712  3205  2814  3215  2862  3227  2886  3233  2838  3235  2982
  3239  2910  3241  2958  3263  3048  3247  3030  3269  3102  3265  3066
  3277  9064  4575  9088  4635  9086  4815  9112  3287  3090  3281  9128
  4905  9176  5025  9256  5085  9272  3293  3144  3317  3160  3337  3186
  3295  3162  3341  3190  2511]
[ 9338  5325  9344  5415  9352  5475  9394  5715  9416  5895  9512  5925
  9592  6165  9614  6225  9646  6255  9656  2997  3230  3321  9688  6675
  9752  3483  3290  4293  3250  3807  3320  4779  9758  6705  9842  3305
  3198  3349  3210  3353  3288  3365  3294  3377  3430  4941  3410  3383
  3270  3397  3560  5427  3710  5751  9928  6795  9944  3379  3306  3385
  3336  3401  3318  3403  3354  3409  3390  3421  3486  3415  3498  3419
  3534  3427  3618  3431  3576  3437  3624  3439  3666  3455  3738  3443
  3768  3473  9976  7065  9982  7275 10024  7335 10088  3487  3770  5913
 10112  7515 10136  7575 10166  7725 10168  3493  3774  3497  3810  3503
  3834  3505  3894  3521  3880]
[ 7785 10184  7935 10234  8025 10318  8055 10504  8145 10582  8175 10624
  8475 10648  8595 10664  8685 10696  8865 10712  6399  3910  6723 10738
  8955 10744  7209  4030  7203  4040  7857  4070  8181 10792  9375 10808
  3545  3912  3523  3930  3551  3942  3563  4002  3569  4120  8667  4130
  3587  4008  3589  4250  8343  4270  8829 10846  9495 10856  3595  4026
  3601  4074  3599  4110  3611  4134  3629  4152  3635  4182  3647  4170
  3641  4218  3649  4242  3653  4266  3661  4278  3665  4296  3667  4280
  3679  4326  3695 10904  9525 10906  9825 10934 10035 11032  9153  4360
 10287 11096 10215 11102 10275 11128 10305 11176  3713  4344  3707  4370
  3683  4374  3715  4386  3737]
[11144 10425 11186 10485 11224 10755 11242 10845 11288 11175 11362 11295
 11336 11325 11392 11565 11438 11775 11528 11835 11594 10611  4510 11097
 11656 12105 11662 11259  4520 12069  4690 12231  4730 12717 11726 12195
 11752  3743  4422  3749  4470  3763  4482  3755  4494  3781  4810  1089
  4750  3787  4530  3799  4970  1521  4930   441 12008 12225 11816  3785
  4578  3791  4584  3809  4632  3805  4602  3811  4674  3817  4710  3827
  4728  3829  4686  3841  4746  3839  4758  3845  4776  3859  4806  3869
  4794  3865  4818  3893 11914 12465 12056 12525 12104 12615 12136  2601
  5110  4761 12122 12645 12166 12735 12194   405 12232  3899  4890  3883
  4902  3901  5064  3935  5214]
[ 1875 12296   225 12298  3249 12328  6561 12416  7569 12488  8649 12502
 12321 12586   135 12614   165 12616   105 12728   189  5080   273  5170
   351 12712   195   784   297  5240   429  5270   399  5330   357  1936
   255  2704  3937  5010  3941  5106  3949  5226  3961  5190  3953  5480
   231  5510  3959  5238  3973  5530   513  5560   459  5776   345  4624
  3977  5334  3979  5352  3983  5358  3985  5394  3991  5370  3997  5406
  4009  5430  4031  5448  4033  5454  4037  5496  4039  5478  4043  5502
  4045  5538  4055  5562  4061  8464   285  9604   375   448   435   704
   621  5590   483   832   465  1088   555  1216   609  5750  4063  5592
  4069  5658  4087  5694  4097]
[1472  561 1856  615 1984  627 5810  663 5830  741 5960  759 5890  897
 2368  645 2624  651 2752  705 3392  777 6040  783 6230  837 3008  795
 3776  861 6280  903 6110  957 6520  969 3904  885 4288 4103 5730 4109
 5736 4105 5754 4117 5778 4121 6290  987 6490 4141 5784 4163 6680  999
 6670 1023 4544  915 4672 4115 5838 4135 5874 4145 5886 4151 5790 4169
 5910 4171 5970 4181 5934 4183 6018 4187 6024 4189 6042 4193 6102 4195
 6162 4207 6168 4213 6222 4223 5056 1005 5312 1065 5696 1029 6710 1107
 6890 1161 6208 1095 6464 1113 6920 1131 6790 4237 6258 4247 6312 4249
 6330]
[ 1185  6592  1173  6848  1221  6970  1209  7030  1239  7130  1269  7070
  1353  7160  1281  6976  1245  7232  1311  8128  1335  8192  1407  7240
  1419  7210  1431  8384  1443  7250  1491  7370  1479  7490  1551  7630
  1581  8768  1455  8896  4267  6402  4265  6342  4279  6438  4285  6456
  4291  7310  1533  7640  4303  6504  4307  7720  1593  7790  1647  9536
  1515  9664  4295  6474  4309  6486  4313  6648  4319  6690  4321  6594
  4331  6666  4315  6726  4333  6744  4343  6792  4367  6810  4351  6798
  4369  6858  4379  6834  4381  6846  4385 10048  1545 10432  1599  7750
  1653  7670  1659  7810  1677 10688  1605 11072  1743  7880  1749  7910
  4387  6870  4393  6882  4399]
[11456  1635 11584  1695 12224  1767  7960  1809  7930  1869  8030  1833
  8170  1887  8440  1917 12352  1905 12608  1947 12736  1965  4096  1971
  7990  2001  8690  2037  8920  2013  8510  2067  8890  2091  8710  2109
  9080  2121   352  2055   224  4405  6942  4411  6954  4415  7014  4427
  7032  4417  8930  2133  8990  4429  6990  4453  9010  2139  9130  2163
   416  2085   308  4435  7062  4469  7074  4439  7134  4471  7170  4499
  7230  4487  7194  4501  7242  4511  7266  4531  7368  4529  7314  4535
  7398  4537  7446  4541  7458  4553  7464  4555   364  2187  9160  2193
  9170  2211  9230  2241  9250  2247   544  2235   572  2289  9320  2301
  9560  4559  7482  4571  7506]
[ 2265   392  2337   476  2343  9430  2373  9490  2397  9640  2379  9590
  2403  9730  2409  9890  2607   532  2355   608  2445   644  2451  9790
  2553 10030  2613 10040  2619 10070  2667 10250  2679 10270  2697 10280
  2703 10520  2727   736  2505   748  4577  7512  4573  7518  4579  7530
  4589  7608  4601 10370  2739 10430  4607  7566  4609 10570  2769 10670
  2751   836  2595   812  4595  7602  4619  7638  4613  7626  4627  7710
  4631  7878  4633  7890  4661  7944  4645  7986  4667  7998  4685  8022
  4681  8046  4687  8034  4699  8058  4705  8088  4709 10730  2781 10760
  2829 10750  2877 10810  2847 10840  2889   868  2685   884  2919 11080
  2937 10790  4711  8070  4717]
[  928  2715   968  2865   988  2943 11110  2967 10990  3009 11240  3021
 11320  3051 11210  3081 11390  3201   992  2895  1012  2955  1036  3111
 11330  3129 11470  3171 11570  3219 11590  3237 11410  3243 11690  3333
 11720  3297 11750  3363  1078  2985  1148  4727  8094  4735  8106  4741
  8130  4739  8142  4747 11890  3399 12110  4757  8154  4763 12190  3417
 11770  3423  1184  3165  1196  4765  8178  4771  8310  4769  8328  4777
  8274  4811  8322  4781  8346  4819  8358  4835  8376  4829  8418  4841
  8382  4837  8430  4843  8466  4847  8472  4849  8478  4853 11990  3429
 12070  3441 12280  3471 12430  3477 12410  3531  1204  3345  1276  3507
 12440  3537 12470  4867  8490]
[ 3405  1274  3435  1292  3495  1312  3621 12520  3567 12530  3597 12610
  3633 12680  3657 12670  3699 12710  3723  1316  3585  1352  3615  1364
  3741 12730  3729   400  3753  2500  3759   320  3783   140  3813   160
  3801   200  3819   220  3939  1372  3765  1376  4855  8502  4859  8616
  4873  8742  4883  8646  4891   260  3993   340  4897  8790  4907   380
  3999   460  4011  1504  3855  1484  4885  8802  4913  8808  4915  8814
  4939  8862  4927  8952  4955  9018  4979  9006  4963  9078  4985  9042
  4981  9096  4997  9102  5017  9174  5029  9192  5027  9210  5033   500
  4017   350  4023   490  4029   550  4047   580  4071  1508  3945  1564
  4053   620  4077   650  5053]
[1612 4035 1628 4065 1652 4089  740 4137  850 4161  820 4179  860 4173
  940 4191  950 4209 1060 4233 1694 4155 1666 4215 1696 4239 1150 4251
 1180 4323 1220 4371 1210 4401 1340 4407 1420 4431 1450 4503 1460 4509
 1708 4245 1748 5045 9222 5057 9246 5063 9330 5069 9336 5071 1550 4521
 1580 5089 9342 5093 1660 4539 1690 4551 1862 4395 1804 5065 9366 5095
 9462 5105 9528 5111 9390 5123 9534 5129 9510 5131 9546 5137 9618 5141
 9624 5143 9666 5149 9774 5155 9786 5161 9798 5173 9816 5177 1780 4587
 1850 4611 1876 4671 1888 4623 1892 4605 1924 4665 1952 4683 1940 4731
 1972]
[ 4695  1988  4755  2044  4773  2020  4767  2048  4809  2050  4833  2060
  4887  2068  4893  2108  4899  2132  4917  2140  4929  2144  4953  2204
  4947  2150  4983  2212  5037  2180  5019  2236  5061  2260  5073  2254
  5109  2272  5151  2324  5133  2312  4965  2332  5055  2336  5165  9834
  5183  9858  5191  9894  5195  9906  5201  2350  5157  2356  5207  9930
  5213  2528  5181  2366  5205  2444  5211  2492  5219  9966  5221 10038
  5245 10056  5249 10074  5251 10104  5257 10110  5263 10122  5255 10146
  5267 10218  5269 10266  5287 10314  5293 10302  5299 10344  5305 10362
  5311  2516  5271  2540  5217  2596  5235  2656  5253  2668  5289  2684
  5295  2756  5307  2620  5319]
[ 2716  5343  2788  5373  2650  5379  2740  5397  2780  5451  2812  5421
  2828  5385  2848  5505  2842  5457  2852  5511  2884  5487  2888  5523
  2948  5529  2890  5673  2924  5649  2950  5559  2980  5691  3020  5697
  2996  5595  3038  5685  3052  5709  3068  5727  3104  5745  3116  5315
 10392  5317 10410  5327 10422  5321 10434  5339  3050  5763  3124  5353
 10470  5357  3164  5757  3146  5817  3140  5781  3172  5345 10506  5359
 10536  5363 10542  5371 10590  5377 10578  5383 10614  5389 10632  5401
 10638  5411 10686  5429 10746  5435 10758  5447 10770  5459 10776  5455
 10794  5461  3196  5811  3212  5829  3232  5835  3268  5883  3260  5871
  3404  5901  3296  5889  3340]
[ 5907  3350  5943  3424  5973  3460  6021  3476  6063  3484  5955  3488
  6015  3556  6099  3596  6123  3550  6129  3572  6135  3604  6141  3580
  6153  3616  6177  3610  6183  3620  6213  3626  6231  3650  6291  3652
  6285  3668  6303  3692  6315  3772  6351  3718  6441  3796  6369  3836
  5465 10902  5473 10914  5485 10842  5489 10968  5497  3820  6357  3860
  5509 10974  5513  3892  6453  3916  6447  3940  6477  3956  5515 11022
  5539 11010  5533 11046  5543 11064  5545 11058  5549 11112  5561 11118
  5567 11190  5579 11208  5585 11298  5587 11346  5597 11370  5599 11382
  5603 11394  5609  3980  6507  3950  6501  4012  6465  4018  6513  4046
  6495  4028  6531  4064  6519]
[ 4108  6549  4114  6573  4148  6567  4150  6591  4172  6585  4192  6603
  4214  6645  4228  6681  4220  6657  4232  6735  4268  6747  4292  6693
  4316  6771  4324  6777  4384  6789  4396  6837  4444  6873  4448  6855
  4484  6915  4556  6939  4532  6945  4564  6969  4450  6951  4460  6963
  4588  5615 11418  5611 11454  5617 11490  5627 11496  5629  4540  6981
  4580  5633 11514  5645  4598  6987  4628  7077  4636  7005  4606  5671
 11526  5663 11562  5707 11634  5699 11622  5677 11658  5723 11670  5713
 11688  5729 11742  5731 11766  5753 11784  5747 11778  5761 11910  5759
 11802  5755 11814  5767  4660  7059  4676  7101  4708  7089  4756  7107
  4768  7185  4796  7221  4780]
[ 7239  4820  7257  4828  7263  4832  7287  4850  7317  4844  7305  4876
  7347  4964  7359  4988  7329  4972  7365  5012  7383  5020  7413  5024
  7437  5044  7467  5050  7449  5054  7473  5068  7479  5084  7485  5092
  7491  5194  7503  5150  7521  5216  7527  5140  7539  5252  7557  5260
  7587  5324  5765 11886  5771 11946  5773 11976  5777 12030  5789  5290
  7599  5344  5803 12042  5809  5332  7545  5356  7611  5348  7635  5372
  5815 12072  5833 12126  5837 12198  5855 12216  5873 12246  5891 12258
  5893 12270  5899 12282  5905 12306  5909 12354  5911 12366  5917 12426
  5921 12504  5933 12462  5941  5350  7641  5380  7683  5396  7689  5404
  7701  5428  7707  5420  7719]
[ 5450  7743  5516  7761  5452  7797  5536  7809  5540  7869  5548  7815
  5564  7833  5612  7845  5566  7881  5572  7887  5620  7911  5588  7923
  5644  7953  5650  7959  5660  8007  5668  8103  5728  8043  5746  8115
  5782  8205  5764  8169  5792  8229  5828  8241  5860  8277  5876  8283
  5908  8289  5978  5935 12552  5947 12570  5951 12582  5959 12606  5963
  6004  8313  6028  5965 12702  5969  6052  8319  6068  8355  6112  8337
  6116  5971 12630  5983   144  5977 12714  5989 12738  5999   324  5993
   192  6001  1458  6005    72  6017    60  6013    90  6019    84  6031
    96  6023   108  6041   132  6049  6140  8397  6148  8421  6164  8439
  6176  8445  6304  8451  6220]
[8481 6244 8493 6250 8517 6260 8559 6350 8589 6308 8535 6356 8565 6358
 8607 6364 8601 6340 8643 6368 8679 6412 8655 6524 8697 6532 8769 6422
 8733 6550 8763 6556 8787 6572 8799 6596 8805 6566 8823 6604 8841 6620
 8853 6644 8931 6692 8877 6716 8895 6728 8937 6748 6059  126 6071  150
 6077  156 6065  198 6085 6752 8949 6812 6103  228 6107 6740 8943 6764
 8961 6850 8979 6844 6109  204 6115  234 6119  276 6139  306 6127  294
 6145  342 6155  348 6157  372 6161  414 6167  444 6169  486 6179  492
 6181  516 6185  522 6187 6868 8985 6908 9015 6956 9021 6958 9039 6940
 9051]
[6950 9087 6980 9093 7018 9099 7004 9141 7052 9105 7028 9129 7076 9159
 7060 9219 7124 9213 7136 9195 7154 9231 7172 9255 7196 9273 7180 9303
 7228 9291 7264 9285 7268 9309 7316 9321 7276 9339 7328 9369 7340 9381
 7348 9393 7364 9399 7372 9423 7406 9417 7412 9447 7450 6191  558 6193
  564 6209  636 6227  666 6233 7456 9429 7460 6239  708 6259 7514 9453
 7502 9483 7532 9465 7564 6245  726 6283  738 6281  732 6289  774 6295
  804 6313  846 6319  876 6331  852 6341  948 6347  954 6349  996 6371
 1014 6377 1062 6383 1068 6385 7588 9519 7612 9531 7550 9579 7580 9591
 7648]
[ 9597  7636  9669  7660  9681  7676  9615  7684  9645  7688  9693  7708
  9705  7712  9699  7748  9717  7756  9741  7742  9789  7772  9723  7774
  9795  7828  9807  7780  9831  7844  9843  7852  9861  7850  9879  7868
  9885  8032  9909  7876  9951  7924  9915  7942 10011  7940 10023  7964
 10047  8020 10059  8132 10071  8084  6395  1098  6401  1164  6403  1206
  6407  1212  6415  8164 10131  8134  6437  1236  6431  8150 10149  8180
 10137  8188 10095  8204  6439  1278  6433  1284  6443  1308  6445  1314
  6455  1356  6457  1422  6463  1494  6467  1524  6485  1572  6487  1602
  6493  1644  6497  1668  6499  1734  6503  1746  6505  8224 10155  8236
 10191  8284 10209  8308 10203]
[ 8350 10227  8380 10233  8404 10245  8416 10263  8468 10257  8410 10281
  8476 10293  8420 10311  8492 10317  8596 10329  8588 10341  8608 10365
  8636 10419  8620 10461  8650 10479  8660 10503  8668 10491  8672 10509
  8684 10515  8692 10563  8732 10569  8708 10635  8722 10653  8756 10689
  8780 10707  8788 10719  8764 10761  8804  6509  1788  6511  1812  6515
  1818  6523  1854  6527  8860 10767  8864  6533  1884  6539  8876 10797
  8908 10785  8924 10803  8950  6541  1926  6535  1956  6557  1962  6559
  2004  6583  2034  6587  2076  6589  2148  6593  2172  6595  2166  6605
  2286  6611  2292  6613  2316  6617  2358  6623  2364  6629  8954 10827
  8980 10833  8992 10887  8996]
[10923  9028 10941  9050 10947  9052 10905  9056 10959  9116 10983  9140
 11001  9164 11037  9220 11043  9260 11049  9268 10995  9284 11085  9292
 11121  9308 11139  9316 11211  9340 11229  9376 11145  9436 11247  9386
 11265  9412 11313  9452 11289  9476 11343  9506 11355  9628 11361  9550
 11367  9580 11373  9610 11397  9650 11427  9652  6635  2388  6631  2466
  6641  2502  6649  2532  6667  9716 11415  9676  6671  2676  6677  9740
 11433  9772 11451  9796 11481  9802  6683  2682  6697  2718  6707  2724
  6731  2748  6739  2796  6743  2826  6749  2868  6751  2892  6757  2934
  6767  3006  6769  3012  6773  3084  6787  3114  6797  3156  6799  9812
 11487  9820 11517  9824 11523]
[ 9844 11535  9916 11577  9850 11637  9884 11595  9898 11649  9932 11607
  9922 11679  9950 11691  9952 11697  9956 11703  9988 11805  9964 11811
  9980 11823 10004 11847 10016 11853 10028 11859 10036 11877 10052 11883
 10076 11919 10060 11931 10094 11955 10132 11937 10144 11949 10148 11961
 10180 11973 10252 11991 10244 12027 10268 12093 10276  6805  3174  6809
  3222  6817  3228  6821  3252  6835 10292 12099 10324  6839  3258  6847
 10348 12111 10396 12117 10412 12123 10406  6859  3324  6865  3372  6881
  3396  6887  3438  6893  3474  6901  3516  6905  3546  6913  3582  6931
  3684  6937  3732  6941  3756  6943  3798  6953  3804  6973  3972  6979
 10420 12129 10444 12135 10478]
[12165 10486 12183 10460 12189 10492 12207 10508 12261 10550 12291 10516
 12315 10564 12309 10592 12327 10604 12339 10612 12345 10676 12351 10682
 12363 10784 12405 10724 12423 10804 12435 10892 12447 10820 12489 10940
 12453 10952 12501 10972 12507 10982 12513 10988 12543 11036 12561 11044
 12549 11074 12567 11084 12579 11092 12585 11104 12609 11116  6989  4014
  6995  4044  7003  4086  7009  4122  7031 11140 12621 11150  7033  4164
  7037 11168 12639 11252 12669 11228 12711 11260  7051  4188  7045  4194
  7061  4236  7063  4302  7067  4308  7073  4338  7081  4404  7087  4518
  7091  4476  7093  4548  7097  4596  7099  4626  7111  4668  7115  4734
  7117 11296 12741 11308 12747]
[11324   729 11350    63 11374    45 11356    75 11452    99 11380   117
 11468   147 11420   153 11450   171 11488   207 11476   243 11524   261
 11540   279 11572   333 11596   363 11644   387 11638   369 11650   423
 11684   477 11692   531 11716   507 11732   549 11740   603 11744   639
 11764   657 11774   711 11804   747 11788   801 11836   867 11860  7123
  4764  7133  4812  7135  4842  7141  4878  7147 11908   873 11924  7145
  4908  7153 11932   909 11936   927 11950   963 11948  7157  4986  7165
  5028  7169  5046  7171  5052  7181  5058  7183  5094  7195  5172  7199
  5196  7201  5268  7217  5274  7223  5316  7231  5388  7235  5484  7241
  5526  7249 11972   981 11980]
[ 1017 12020  1083 12028  1143 12052  1233 12068  1179 12050  1251 12124
  1341 12116  1359 12128  1413 12140  1467 12172  1503 12188  1557 12212
  1587 12256  1611 12260  1629 12274  1719 12284  1737 12292  1773 12308
  1791 12340  1899 12364  2007 12380  2043 12388  2061 12404  2097 12412
  2151 12446  2169 12428  2259 12448  2313 12452  2367 12506  2421 12508
  7255  5532  7261  5556  7265  5598  7271  5604  7273 12524  2493 12532
  7277  5634  7279 12556  2439 12550  2523 12572  2529 12596  7289  5706
  7295  5748  7291  5766  7303  5844  7313  5892  7319  5958  7339  5988
  7327  6036  7343  6066  7355  6108  7357  6246  7361  6252  7363  6276
  7367  6282  7379 12604  2547]
[12620  2637 12644  2763 12692  2799 12704  2817  1024  2853    80  2883
   112  2979   176  3033   208  3123   272  3141   304  3177   368  3231
   464  3303   496  3357   512  3411   592  3447   656  3501   688  3573
   752  3609   848  3681   944  3771   976  3789  1072  3879  1136  3897
  1168  3951  1250  3987  1264  4041  1328  4107  1424  4113  1552  4149
  1616  7387  6354  7373  6462  7391  6492  7397  6564  7403  1648  4167
  1712  7405  6606  7409  1744  4203  1808  4311  2032  4383  2096  7415
  6684  7421  6714  7423  6756  7427  6822  7435  6828  7439  6852  7441
  6894  7445  6924  7447  7002  7453  7044  7463  7116  7465  7146  7471
  7188  7483  7212  7493  2192]
[4419 2224 4491 2384 4527 2416 4581 2512 4689 2608 4707 2672 4869 2768
 4923 2864 5013 2896 5043 3056 5067 3088 5121 3152 5139 3184 5193 3376
 5283 3568 5337 3632 5391 3664 5409 3728 5463 3824 5517 3856 5547 4016
 5553 4112 5571 4208 5679 4304 5769 4336 5787 4432 5823 4496 5877 4528
 5931 4688 5949 4802 6057 4912 7495 7218 7501 7284 7513 7356 7519 7362
 7531 4976 6093 5008 7543 7404 7555 5072 6147 5296 6219 5392 6309 5552
 7571 7428 7597 7542 7601 7572 7609 7578 7613 7692 7615 7716 7619 7758
 7627 7764 7631 7794 7633 7836 7637 7902 7651 7908 7655 7932 7661 7974
 7663]
[5584 6381 5648 6471 5744 6543 5872 6597 5968 6627 6064 6651 6128 6687
 6224 6759 6352 6813 6416 6849 6544 6921 6704 6957 6736 7083 6896 7173
 6928 7281 7024 7299 7088 7389 7184 7407 7312 7443 7376 7461 7408 7551
 7472 7677 7664 7713 7792 7731 7856 7767 7984 7893 8048 7929 8144 7947
 8336 7983 8368 8163 8656 8199 8752 7679 8076 7697 8082 7709 8124 7711
 8196 7715 8912 8271 9008 7721 8214 7729 9104 8361 9136 8427 9232 8433
 9392 7739 8226 7745 8298 7747 8292 7751 8334 7763 8406 7765 8412 7769
 8508 7771 8622 7781 8628 7783 8724 7787 8766 7795 8796 7799 8838 7801
 8868]
[ 8469  9488  8523  9584  8577  9616  8703  9712  8739  9808  8793  9872
  8847  9904  8919 10096  8973 10256  9081 10288  9117 10352  9171 10448
  9189 10544  9279 10576  9297 10768  9351 10832  9441 10928  9459 11056
  9549 11216  9567 11344  9621 11504  9783 11632  9819 11728  9837 11824
  9873 11888  9927 12016  9981 12112 10053 12176 10107 12304 10161 12368
 10359 12592 10377 12752  7807  8916  7811  8982  7813  9012  7819  9054
  7831   100 10443   256  7835  9084  7837   196 10467   484 10539   676
 10629  1156  7849  9132  7855  9162  7859  9228  7861  9276  7871  9378
  7891  9414  7895  9444  7897  9564  7903  9708  7909  9732  7913  9738
  7915  9846  7939  9852  7957]
[ 1444 10683  2116 10737  3364 10809  3844 10917  5476 10953  6724 11007
  7396 11061  8836 11079 11236 11133    40 11163    56 11241    70 11331
    88 11493   104 11511   110 11547   128 11601   130 11619   136 11673
   152 11709   154 11727   170 11763   182 11871   184 11889   190 11943
   230 12249   232 12303   238 12357   248 12429   250 12591   266 12681
   286    81   290    21   310  7961  9876  7967  9924  7969  9948  7979
 10026  7981   296    15   322  7985 10068  7991   328    27   344    33
   370    39   374  7999 10086  7997 10134  8003 10236  8005 10242  8021
 10278  8023 10284  8027 10308  8033 10356  8035 10386  8045 10524  8047
 10566  8051 10572  8057 10596]
[   51   376    57   406    69   410    87   418    93   424   111   430
   123   434   129   442   141   472   159   470   177   488   201   494
   183   506   213   518   219   530   237   536   249   568   267   574
   291   584   303   590   309   598   321   602   327   610   339   632
   381   638   393   646   411   658   417   664   447   670   453   682
   471   686   489   710   501   712  8063 10644  8065 10674  8071 10782
  8077 10818  8083   742   519   754  8095 10884  8105   776   537   730
   543   782   573   790  8119 10926  8129 10932  8131 11028  8135 11034
  8137 11094  8141 11106  8143 11142  8149 11148  8153 11244  8159 11292
  8173 11358  8185 11364  8189]
[  806   579   808   591   814   597   824   633   826   669   830   681
   854   687   856   699   872   717   874   723   890   753   902   771
   904   789   938   807   946   813   962   831   970   843   986   849
   994   879  1016   921  1010   933  1022   939  1030   951  1034   993
  1048  1011  1054  1041  1066  1047  1070  1059  1090  1077  1096  1101
  1102  1119  1106  1137  1112  1149  1118  8197 11436  8201 11538  8203
 11574  8207 11604  8213  1130  1167  1162  8227 11646  8249  1166  1191
  1178  1203  1192  1227  1208  8251 11652  8257 11724  8261 11754  8267
 11796  8279 11862  8285 11892  8299 11898  8309 11964  8315 12108  8321
 12114  8327 12156  8333 12186]
[ 1257  1222  1263  1246  1293  1256  1299  1258  1317  1270  1329  1298
  1347  1304  1371  1310  1383  1334  1389  1336  1401  1342  1437  1358
  1461  1370  1473  1378  1497  1384  1509  1390  1527  1394  1563  1406
  1569  1414  1623  1426  1641  1432  1671  1442  1689  1448  1707  1462
  1713  1474  1731  1490  1761  1498  1779  1510  1797  1526  1803  1528
  1821  1534  1839  1544  1851  1558  1857  1562  8335 12228  8339 12252
  8341 12294  8345 12372  8347  1570  1893  1576  8351 12396  8357  1582
  1923  1586  1929  1592  1941  1598  8359 12438  8371 12468  8383 12588
  8399 12612  8401 12618  8407 12732  8411 12756  8413 12762  8417    48
  8441   162  8453    36  8459]
[1606 1959 1630 1977 1634 1983 1670 2019 1688 2031 1702 2049 1730 2073
 1738 2103 1742 2127 1778 2157 1784 2181 1786 2199 1790 2217 1798 2229
 1802 2253 1810 2271 1816 2283 1826 2307 1832 2319 1834 2361 1846 2391
 1864 2427 1886 2433 1898 2463 1910 2469 1912 2481 1918 2487 1928 2517
 1930 2559 1946 2571 1958 2577 1970 2589 1978 2631 1990 2643 2006 8465
   24 8471   30 8473   42 8479   54 8483 2008 2649 2014 8485   66 8489
 2056 2661 2054 2721 2074 2733 2086 8495   78 8491  102 8497  114 8503
  138 8507  174 8509  186 8519  222 8531  246 8545  258 8549  282 8551
  318]
[2757 2104 2787 2110 2811 2114 2823 2134 2841 2146 2859 2152 2901 2158
 2913 2162 2931 2168 2949 2198 2973 2216 2991 2222 3027 2230 3039 2242
 3057 2248 3063 2264 3093 2266 3099 2270 3117 2278 3147 2282 3153 2290
 3183 2294 3189 2314 3207 2318 3261 2330 3273 2338 3279 2344 3291 2354
 3309 2378 3327 2390 3351 2398 3369 2410 3387 2414 3453 2422 3459 2438
 8557  354 8561  366 8567  402 8579  426 8587 2456 3489 2482 8593  438
 8603 2486 3513 2488 3543 2494 3561 2504 8605  474 8615  498 8611  534
 8617  582 8621  606 8633  618 8639  642 8653  654 8651  678 8657  762
 8659]
[2506 3579 2510 3603 2522 3639 2534 3651 2536 3669 2542 3687 2546 3693
 2570 3711 2626 3747 2630 3777 2648 3831 2662 3837 2666 3849 2674 3867
 2678 3873 2686 3891 2690 3903 2696 3909 2698 3921 2702 3957 2710 3963
 2714 3981 2726 4083 2758 4101 2770 4119 2774 4143 2776 4197 2782 4227
 2786 4269 2792 4281 2794 4287 2806 4299 2810 4317 2822 4341 2824 4353
 2830 8683  786 8665  822 8705  834 8711  894 8717 2834 4359 2872 8735
  906 8743 2882 4377 2914 4413 2930 4443 2936 8749  942 8759  978 8765
 1002 8767 1038 8773 1074 8777 1086 8791 1146 8795 1158 8797 1182 8801
 1194]
[4449 2938 4461 2954 4467 2984 4479 3002 4497 3014 4533 3026 4569 3032
 4593 3034 4629 3058 4647 3064 4659 3070 4677 3074 4701 3082 4713 3110
 4737 3112 4749 3122 4791 3130 4803 3154 4821 3170 4827 3176 4839 3178
 4857 3182 4863 3206 4881 3208 4911 3262 4971 3266 4989 3272 5001 3278
 5007 3286 5079 3298 5091 3302 5097 3310 5127 3322 5163 3346 5169 3352
 5199 3358 8813 1266 8809 1338 8843 1362 8851 1374 8857 3368 5223 3374
 8873 1398 8879 3370 5241 3382 5259 3406 5277 3422 8881 1434 8885 1446
 8891 1506 8899 1542 8903 1578 8909 1614 8915 1626 8917 1662 8921 1686
 8927]
[3434 5331 3448 5349 3454 5361 3464 5367 3470 5403 3478 5433 3490 5469
 3502 5493 3512 5541 3514 5583 3526 5601 3530 5613 3538 5619 3544 5631
 3562 5637 3586 5667 3590 5703 3592 5721 3598 5739 3614 5793 3634 5799
 3638 5847 3656 5853 3658 5919 3670 5937 3674 5961 3682 5979 3686 5991
 3688 5997 3704 6009 3706 6033 3730 6051 3736 6081 3766 6087 3782 6117
 3790 6159 3806 8935 1698 8939 1758 8945 1842 8947 1866 8953 3818 6189
 3794 8977 1878 8981 3830 6207 3832 6243 3838 6249 3842 8983 1902 8989
 1986 9005 2022 9017 2082 9019 2094 9023 2118 9031 2154 9037 2202 9047
 2238]
[6261 3854 6267 3874 6297 3878 6333 3886 6339 3890 6387 3896 6393 3914
 6411 3922 6423 3926 6429 3928 6459 3934 6483 3938 6537 3962 6609 3970
 6621 3982 6639 3992 6663 4010 6711 4024 6717 4042 6729 4066 6753 4072
 6801 4082 6807 4090 6819 4094 6843 4102 6861 4118 6879 4142 6891 4154
 6927 4168 6933 4184 6999 4190 7017 4202 7023 4210 7041 4234 7053 4238
 7071 4246 7113 4294 9053 2274 9055 2298 9071 2382 9073 2334 9077 4298
 7131 4310 9079 2406 9083 4318 7143 4328 7149 4330 7167 4334 9089 2454
 9097 2514 9101 2526 9107 2586 9113 2598 9115 2634 9119 2658 9121 2694
 9131]
[4342 7179 4346 7197 4354 7233 4366 7251 4376 7269 4378 7311 4382 7323
 4390 7341 4394 7377 4402 7401 4430 7419 4438 7431 4454 7509 4456 7563
 4462 7593 4490 7617 4498 7629 4504 7647 4514 7653 4526 7671 4552 7737
 4558 7773 4568 7779 4570 7827 4582 7851 4610 7863 4616 7899 4630 7941
 4634 7971 4642 7977 4646 7989 4654 8013 4658 8031 4670 8049 4696 8061
 4706 8067 4718 8079 4726 9143 2742 9149 2766 9155 2778 9167 2802 9169
 4738 8097 4744 9179 2874 9193 4790 8121 4792 8133 4808 8139 4814 9197
 2922 9211 2946 9217 2994 9223 3018 9229 3054 9233 3126 9235 3138 9247
 3246]
[8157 4826 8187 4838 8193 4856 8223 4858 8247 4870 8259 4886 8301 4898
 8331 4904 8367 4906 8373 4910 8391 4922 8403 4936 8409 4942 8457 4952
 8499 4958 8511 4966 8529 4978 8553 4982 8571 4990 8583 4994 8637 5002
 8661 5014 8691 5018 8709 5026 8727 5030 8751 5038 8781 5048 8817 5066
 8859 5074 8871 5090 8889 5122 8907 5126 8913 5128 8997 5134 9003 5138
 9033 5144 9057 5146 9069 5162 9253 3282 9259 3342 9263 3378 9271 3414
 9287 5174 9111 5176 9289 3426 9299 5198 9123 5206 9147 5210 9183 5222
 9301 3462 9305 3522 9307 3558 9313 3594 9329 3606 9335 3642 9347 3678
 9353]
[5224 9201 5230 9237 5246 9249 5254 9267 5258 9327 5272 9355 5282 9357
 5288 9363 5302 9365 5306 9379 5338 9383 5362 9385 5384 9389 5402 9395
 5416 9407 5410 9411 5446 9427 5464 9445 5486 9449 5470 9451 5494 9469
 5518 9481 5522 9487 5528 9489 5542 9493 5546 9501 5558 9505 5608 9507
 5570 9509 5614 9517 5626 9523 5630 9527 5654 9529 5662 9535 5672 9543
 5678 9553 5690 9557 5710 9561 5726 9563 3702 9565 3714 9569 3786 9571
 3846 9577 5738 9573 5734 9589 3858 9593 5752 9599 5762 9607 5770 9609
 5786 9611 3882 9617 3918 9637 3954 9641 3966 9647 4038 9655 4062 9659
 4098]
[9627 5798 9651 5816 9663 5822 9665 5842 9667 5846 9671 4146 9673 5858
 9683 5864 9687 5866 9691 4206 9701 4254 9703 4314 9707 4362 9713 4398
 9727 4434 9731 5870 9753 5882 9745 4458 9755 4506 9757 4542 9761 4566
 9763 4614 9773 4638 9793 5902 9759 5894 9771 5912 9777 5918 9797 5930
 9799 4722 9809 4782 9827 4854 9841 4866 9847 4926 9853 4938 9863 5944
 9813 5954 9869 4962 9881 5962 9865 4974 9893 5034 9895 5118 9899 5142
 9913 5154 9917 5966 9897 5974 9935 5178 9937 5262 9943 5286 9953 5986
 9903 5990 9959 5298 9961 5322 9965 5442 9979 5466 9977 5514 9983 5574
 9985]
[ 6008  9921  6010  9939  6014  9957  6026  9969  6056  9987  6034  9991
  5622  9989  5646  9995  6058  9993  6062  9997  5682 10001  5718 10003
  5802 10015  5826 10019  5862 10021  5898 10027  6070 10029  6086 10031
  5946 10033  5982 10049  6054 10055  6078 10057  6088 10063  6094 10041
  6106 10077  6130 10073  6142 10081  6114 10097  6126 10085  6146 10109
  6152 10117  6154 10121  6170 10123  6182 10129  6184 10083  6190 10113
  6194 10135  6186 10145  6198 10147  6202 10183  6206 10157  6214 10171
  6226 10187  6234 10189  6254 10119  6262 10195  6266 10207  6278 10213
  6294 10217  6286 10167  6296 10219  6298 10229  6302 10231  6306 10237
  6310 10249  6322 10261  6346]
[10173  6376 10221  6386 10239  6394 10265  6398 10277  6410 10279  6366
 10291  6378 10297  6414 10307  6430 10299  6446 10315  6454 10319  6466
 10327  6472 10345  6478 10351  6470 10349  6482 10347  6488 10361  6494
 10363  6522 10367  6530 10379  6526 10381  6546 10393  6538 10371  6554
 10383  6562 10389  6568 10401  6574 10397  6558 10403  6582 10405  6584
 10407  6586 10409  6590 10411  6610 10421  6616 10415  6632 10417  6634
 10423  6618 10435  6654 10441  6674 10445  6682 10447  6698 10451  6702
 10481  6706 10471  6712 10473  6730 10483  6738 10489  6754 10493  6758
 10495  6774 10511  6766 10497  6770 10517  6794 10519  6802 10523  6806
 10533  6818 10537  6824 10541]
[ 6830 10543  6842 10547  6838 10551  6854 10553  6856 10561  6862 10555
  6872 10565  6878 10573  6874 10579  6886 10577  6904 10581  6910 10583
  6906 10603  6918 10637  6946 10587  6974 10599  6986 10617  7006 10623
  6994 10643  6978 10649  7010 10641  7016 10645  7026 10655  7042 10669
  7046 10661  7048 10671  7064 10673  7086 10679  7090 10681  7096 10677
  7102 10685  7122 10697  7126 10699  7138 10705  7158 10715  7174 10713
  7178 10717  7198 10721  7190 10727  7202 10741  7206 10747  7222 10751
  7256 10743  7258 10749  7270 10757  7278 10763  7282 10765  7288 10777
  7294 10783  7302 10793  7298 10779  7322 10805  7306 10801  7330 10807
  7334 10813  7338 10811  7352]
[10817  7374 10819  7358 10821  7366 10823  7386 10841  7390 10839  7414
 10843  7422 10871  7426 10849  7430 10851  7432 10869  7474 10873  7494
 10877  7486 10895  7496 10893  7498 10897  7510 10901  7526 10907  7528
 10911  7562 10913  7554 10919  7570 10921  7574 10931  7576 10929  7582
 10943  7598 10951  7610 10961  7622 10963  7618 10967  7624 10969  7634
 10977  7654 10981  7658 10991  7662 10997  7674 10999  7678 11009  7682
 11013  7690 11017  7698 11021  7730 11019  7718 11015  7734 11023  7736
 11029  7738 11031  7766 11041  7746 11035  7768 11051  7782 11053  7786
 11065  7798 11089  7802 11073  7816 11091  7864 11081  7806 11099  7818
 11101  7842 11105  7874 11103]
[ 7870 11107  7882 11111  7898 11127  7906 11129  7914 11141  7918 11147
  7922 11143  7926 11153  7928 11157  7946 11167  7954 11179  7958 11183
  7962 11185  7966 11181  7970 11189  7976 11199  7982 11195  7994 11201
  8018 11203  8062 11207  8066 11209  8072 11215  8074 11217  8078 11219
  8090 11227  8086 11231  8104 11233  8110 11237  8122 11249  8126 11255
  8138 11263  8152 11267  8166 11269  8168 11281  8174 11283  8194 11291
  8206 11293  8202 11303  8210 11301  8218 11307  8234 11309  8230 11327
  8238 11333  8242 11335  8248 11345  8264 11337  8270 11341  8282 11347
  8286 11357  8290 11359  8302 11363  8312 11365  8326 11371  8342 11377
  8338 11381  8362 11379  8366]
[11387  8374 11391  8378 11389  8390 11401  8386 11405  8392 11409  8408
 11413  8394 11419  8426 11435  8414 11429  8446 11441  8454 11453  8474
 11459  8488 11461  8494 11463  8498 11465  8504 11469  8534 11477  8530
 11479  8538 11485  8552 11499  8570 11507  8558 11509  8582 11513  8562
 11521  8574 11533  8590 11531  8598 11537  8606 11539  8614 11541  8618
 11545  8626 11553  8630 11561  8634 11555  8638 11559  8642 11563  8662
 11567  8666 11569  8682 11573  8686 11581  8696 11589  8702 11591  8706
 11599  8718 11603  8728 11611  8734 11623  8738 11629  8744 11631  8758
 11639  8754 11641  8762 11643  8770 11647  8774 11651  8776 11659  8786
 11653  8798 11663  8810 11667]
[ 8822 11665  8824 11669  8826 11671  8830 11693  8834 11695  8854 11683
  8858 11705  8872 11707  8886 11723  8870 11721  8878 11729  8898 11735
  8906 11733  8936 11741  8938 11747  8922 11749  8942 11751  8974 11757
  8984 11755  8934 11761  8998 11769  9002 11771  8958 11759  8994 11773
  9022 11785  9032 11787  9058 11791  9062 11793  9070 11797  9074 11819
  9066 11843  9082 11829  9106 11851  9118 11841  9110 11857  9138 11855
  9142 11861  9146 11873  9154 11879  9158 11885  9178 11893  9186 11899
  9190 11911  9208 11901  9202 11905  9214 11915  9218 11917  9224 11945
  9226 11929  9238 11957  9254 11947  9258 11963  9262 11965  9266 11967
  9290 11983  9294 11989  9304]
[11993  9318 11995  9322 12001  9334 12003  9362 12009  9368 12013  9354
 12017  9374 12021  9370 12023  9398 12029  9410 12031  9402 12047  9418
 12039  9422 12053  9426 12055  9434 12059  9448 12057  9454 12063  9470
 12061  9474 12067  9478 12077  9482 12079  9496 12083  9494 12085  9498
 12091  9514 12081  9526 12115  9538 12127  9530 12131  9542 12133  9544
 12137  9554 12139  9562 12147  9608 12151  9622 12153  9638 12167  9582
 12169  9606 12179  9642 12181  9654 12185  9658 12171  9670 12187  9678
 12191  9674 12193  9682 12199  9686 12205  9694 12209  9698 12217  9704
 12219  9706 12223  9710 12233  9714 12229  9718 12235  9726 12247  9734
 12237  9736 12271  9746 12273]
[ 9762 12283  9766 12279  9770 12287  9782 12293  9784 12295  9794 12307
  9814 12297  9826 12311  9822 12313  9830 12317  9832 12319  9848 12333
  9854 12335  9878 12349  9896 12353  9910 12359  9926 12361  9958 12367
  9942 12365  9962 12371  9970 12381  9992 12385  9978 12389  9994 12403
 10002 12407 10034 12387 10054 12399 10058 12417 10072 12419 10014 12431
 10066 12443 10090 12449 10106 12439 10114 12459 10126 12461 10130 12469
 10142 12481 10138 12499 10158 12509 10182 12515 10178 12471 10186 12521
 10190 12477 10210 12523 10194 12533 10216 12531 10222 12557 10232 12559
 10246 12563 10254 12571 10258 12587 10264 12581 10262 12599 10274 12603
 10282 12605 10286 12607 10298]
[12623 10310 12629 10312 12631 10322 12633 10328 12643 10326 12655 10338
 12661 10330 12651 10346 12667 10354 12657 10366 12677 10376 12679 10382
 12683 10398 12695 10402 12687 10390 12693 10408 12701 10414 12707 10424
 12709 10426 12715 10438 12723 10442 12729 10456 12731 10446 12737 10482
 12745 10498 12751 10490 12759 10502 12755 10514     9 10510 12761 10518
 12767 10526    49 10534    25 10538   289 10552   121 10554   169 10568
   361 10574   529 10586   841 10610   961 10598  1369 10616  1681 10622
  1849 10630  2209 10634  2809 10642  3481 10654  3721 10662  4489 10690
  5041 10678  5329 10698  6241 10706  6889 10714  7921 10718  9409 10726
 10201 10722 10609 10734 11449]
[10742 11881 10754 12769 10766     3 10778     5 10802     7 10806    11
 10822    13 10858    17 10866    19 10870    23 10888    29 10894    31
 10910    37 10918    41 10922    47 10930    43 10936    53 10938    59
 10946    61 10978    67 10970    71 10984    73 10986    79 10994    83
 11018    89 11026    97 11030   101 11048   103 11066   107 11078   109
 11082   113 11086   127 11098   131 11090   137 11122   139 11134   149
 11158   151 11166   157 11170   163 11174   167 11192   173 11194   179
 11198   181 11202   191 11206   193 11218   197 11222   199 11226   211
 11230   223 11234   227 11238   229 11254   233 11258   239 11262   241
 11266   251 11272   257 11274]
[  263 11290   269 11326   271 11342   277 11334   281 11384   283 11354
   293 11398   307 11406   311 11414   313 11416   317 11432   331 11426
   337 11442   347 11446   349 11458   353 11462   359 11464   367 11478
   373 11494   379 11506   383 11510   389 11512   397 11518   401 11522
   409 11530   419 11534   421 11542   431 11546   433 11554   439 11576
   443 11578   449 11586   457 11598   461 11606   463 11608   467 11618
   479 11624   487 11630   491 11666   499 11672   503 11674   509 11694
   521 11706   523 11710   541 11746   547 11768   557 11782   563 11786
   569 11798   571 11810   577 11818   587 11822   593 11834   599 11838
   601 11842   607 11848   613]
[11864   617 11866   619 11870   631 11874   641 11882   643 11894   647
 11896   653 11902   659 11912   661 11918   673 11922   677 11926   683
 11930   691 11938   701 11942   709 11944   719 11954   727 11958   733
 11966   739 11978   743 11982   751 11986   757 11992   761 11994   769
 11998   773 12002   787 12010   797 12018   809 12026   811 12034   821
 12038   823 12046   827 12062   829 12066   839 12082   853 12088   857
 12098   859 12102   863 12118   877 12130   881 12142   883 12154   887
 12162   907 12170   911 12174   919 12184   929 12206   937 12214   941
 12218   947 12230   953 12234   967 12238   971 12248   977 12254   983
 12278   991 12290   997 12310]
[ 1009 12314  1013 12318  1019 12322  1021 12334  1031 12338  1033 12344
  1039 12358  1049 12362  1051 12370  1061 12374  1063 12378  1069 12382
  1087 12386  1091 12392  1093 12414  1097 12418  1103 12424  1109 12454
  1117 12466  1123 12472  1129 12478  1151 12486  1153 12490  1163 12498
  1171 12518  1181 12522  1187 12534  1193 12536  1201 12562  1213 12566
  1217 12568  1223 12578  1229 12590  1231 12594  1237 12626  1249 12632
  1259 12638  1277 12662  1279 12664  1283 12666  1289 12678  1291 12682
  1297 12694  1301 12698  1303 12742  1307 12754  1319 12766  1321    64
  1327    12  1361    18  1367    20  1373    28  1381    32  1399    44
  1409    50  1423    52  1427]
[  68 1429   76 1433   92 1439   98 1447  116 1451  124 1453  148 1459
  164 1471  172 1481  188 1483  212 1487  236 1489  242 1493  244 1499
  268 1511  284 1523  292 1531  316 1543  332 1549  338 1553  356 1559
  388 1567  404 1571  412 1579  428 1583  436 1597  452 1601  508 1607
  524 1609  548 1613  556 1619  578 1621  596 1627  604 1637  628 1657
  652 1663  668 1667  692 1669  716 1693  722 1697  724 1699  764 1709
  772 1721  788 1723  796 1733  844 1741  892 1747  908 1753  916 1759
  932 1777  956 1783  964 1787 1004 1789 1028 1801 1052 1811 1058 1823
 1076]
[1831 1084 1847 1108 1861 1124 1867 1132 1871 1172 1873 1228 1877 1244
 1879 1252 1889 1268 1901 1324 1907 1348 1913 1388 1931 1396 1933 1412
 1949 1436 1951 1468 1973 1492 1979 1516 1987 1532 1993 1556 1997 1588
 1999 1604 2003 1636 2011 1676 2017 1682 2027 1684 2029 1724 2039 1732
 2053 1756 2063 1772 2069 1796 2081 1828 2083 1844 2087 1852 2089 1868
 2099 1916 2111 1922 2113 1948 2129 1964 2131 1996 2137 2012 2141 2036
 2143 2084 2153 2092 2161 2164 2179 2188 2203 2228 2207 2252 2213 2276
 2221 2284 2237 2308 2239 2348 2243 2372 2251 2396 2267 2404 2269 2428
 2273]
[2452 2281 2468 2287 2476 2293 2524 2297 2564 2309 2572 2311 2588 2333
 2612 2339 2636 2341 2644 2347 2692 2351 2708 2357 2732 2371 2738 2377
 2764 2381 2804 2383 2836 2389 2876 2393 2908 2399 2932 2411 2956 2417
 2972 2423 3004 2437 3028 2441 3044 2447 3076 2459 3092 2467 3148 2473
 3188 2477 3236 2503 3244 2521 3284 2531 3292 2539 3308 2543 3316 2549
 3356 2551 3362 2557 3412 2579 3428 2591 3436 2593 3452 2609 3508 2617
 3524 2621 3532 2633 3548 2647 3628 2657 3644 2659 3676 2663 3698 2671
 3716 2677 3748 2683 3764 2687 3788 2689 3812 2693 3868 2699 3884 2707
 3908]
[2711 3932 2713 3964 2719 3988 2729 4036 2731 4052 2741 4076 2749 4084
 2753 4124 2767 4132 2777 4156 2789 4196 2791 4204 2797 4244 2801 4252
 2803 4276 2819 4348 2833 4364 2837 4372 2843 4388 2851 4412 2857 4418
 2861 4436 2879 4468 2887 4492 2897 4516 2903 4604 2909 4612 2917 4652
 2927 4684 2939 4724 2953 4748 2957 4772 2963 4804 2969 4852 2971 4868
 2999 4892 3001 4916 3011 4924 3019 4948 3023 4996 3037 5036 3041 5108
 3049 5116 3061 5132 3067 5156 3079 5164 3083 5188 3089 5204 3109 5212
 3119 5228 3121 5276 3137 5284 3163 5308 3167 5444 3169 5468 3181 5492
 3187]
[5524 3191 5596 3203 5618 3209 5636 3217 5692 3221 5708 3229 5716 3251
 5732 3253 5756 3257 5788 3259 5804 3271 5812 3299 5836 3301 5884 3307
 5924 3313 5932 3319 5948 3323 5956 3329 5972 3331 5996 3343 6044 3347
 6092 3359 6124 3361 6172 3371 6196 3373 6212 3389 6236 3391 6268 3407
 6284 3413 6316 3433 6332 3449 6388 3457 6404 3461 6428 3463 6436 3467
 6452 3469 6476 3491 6484 3499 6508 3511 6548 3517 6628 3527 6652 3529
 6668 3533 6676 3539 6772 3541 6788 3547 6796 3557 6836 3559 6884 3571
 6892 3581 6932 3583 6962 3593 6964 3607 6988 3613 7012 3617 7036 3623
 7108]
[3631 7132 3637 7148 3643 7156 3659 7204 3671 7244 3673 7292 3677 7324
 3691 7388 3697 7442 3701 7444 3709 7468 3719 7484 3727 7492 3733 7508
 3739 7516 3761 7556 3767 7604 3769 7628 3779 7652 3793 7724 3797 7732
 3803 7796 3821 7804 3823 7892 3833 7916 3847 7948 3851 7972 3853 7988
 3863 7996 3877 8012 3881 8044 3889 8068 3907 8108 3911 8116 3917 8156
 3919 8212 3923 8252 3929 8276 3931 8324 3943 8332 3947 8348 3967 8356
 3989 8396 4001 8444 4003 8452 4007 8516 4013 8524 4019 8548 4021 8564
 4027 8572 4049 8612 4051 8644 4057 8716 4073 8812 4079 8828 4091 8852
 4093]
[ 8884  4099  8948  4111  8956  4127  8972  4129  8978  4133  9004  4139
  9068  4153  9076  4157  9092  4159  9124  4177  9148  4201  9172  4211
  9188  4217  9236  4219  9244  4229  9332  4231  9356  4241  9364  4243
  9388  4253  9404  4259  9428  4261  9484  4271  9508  4273  9524  4283
  9532  4289  9556  4297  9572  4327  9596  4337  9644  4339  9668  4349
  9692  4357  9748  4363  9764  4373  9788  4391  9836  4397  9868  4409
  9892  4421  9908  4423 10012  4441 10082  4447 10084  4451 10124  4457
 10156  4463 10172  4481 10196  4483 10204  4493 10228  4507 10316  4513
 10364  4517 10372  4519 10436  4523 10468  4547 10484  4549 10532  4561
 10588  4567 10628  4583 10636]
[ 4591 10652  4597 10658  4603 10684  4621 10708  4637 10732  4639 10748
  4643 10756  4649 10772  4651 10796  4657 10828  4663 10844  4673 10852
  4679 10876  4691 10916  4703 10924  4721 10964  4723 10996  4729 11012
  4733 11068  4751 11108  4759 11156  4783 11164  4787 11188  4789 11204
  4793 11212  4799 11276  4801 11332  4813 11348  4817 11372  4831 11404
  4861 11428  4871 11444  4877 11516  4889 11548  4903 11588  4909 11612
  4919 11636  4931 11668  4933 11708  4937 11756  4943 11812  4951 11828
  4957 11852  4967 11876  4969 11884  4973 11996  4987 12004  4993 12044
  4999 12076  5003 12092  5009 12148  5011 12164  5021 12196  5023 12244
  5039 12268  5051 12316  5059]
[12332  5077 12356  5081 12436  5087 12476  5099 12482  5101 12484  5107
 12548  5113 12652  5119 12668  5147 12676  5153 12724  5167 12748  5171
 12764  5179    16  5189     6  5197     8  5209    10  5227    14  5231
    22  5233    26  5237    34  5261    38  5273    46  5279    58  5281
    62  5297    74  5303    82  5309    86  5323    94  5333   106  5347
   118  5351   122  5381   134  5387   142  5393   146  5399   158  5407
   166  5413   178  5417   194  5419   202  5431   206  5437   214  5441
   218  5443   226  5449   254  5471   262  5477   274  5479   278  5483
   298  5501   302  5503   314  5507   326  5519   334  5521   346  5527
   358  5531   362  5557   382]
[5563  386 5569  394 5573  398 5581  422 5591  446 5623  454 5639  458
 5641  466 5647  478 5651  482 5653  502 5657  514 5659  526 5669  538
 5683  542 5689  554 5693  562 5701  566 5711  586 5717  614 5737  622
 5741  626 5743  634 5749  662 5779  674 5783  694 5791  698 5801  706
 5807  718 5813  734 5821  746 5827  758 5839  766 5843  778 5849  794
 5851  802 5857  818 5861  838 5867  842 5869  862 5879  866 5881  878
 5897  886 5903  898 5923  914 5927  922 5939  926 5953  934 5981  958
 5987  974 6007  982 6011  998 6029 1006 6037 1018 6043 1042 6047 1046
 6053]
[1082 6067 1094 6073 1114 6079 1126 6089 1138 6091 1142 6101 1154 6113
 1174 6121 1186 6131 1198 6133 1202 6143 1214 6151 1226 6163 1234 6173
 1238 6197 1262 6199 1282 6203 1286 6211 1294 6217 1306 6221 1318 6229
 1322 6247 1346 6257 1354 6263 1366 6269 1382 6271 1402 6277 1418 6287
 1438 6299 1454 6301 1466 6311 1478 6317 1486 6323 1502 6329 1514 6337
 1522 6343 1538 6353 1546 6359 1574 6361 1594 6367 1618 6373 1622 6379
 1642 6389 1646 6397 1654 6421 1658 6427 1678 6449 1706 6451 1714 6469
 1718 6473 1726 6481 1754 6491 1762 6521 1766 6529 1774 6547 1814 6551
 1822]
[6553 1838 6563 1858 6569 1874 6571 1882 6577 1894 6581 1906 6599 1934
 6607 1942 6619 1954 6637 1966 6653 1982 6659 1994 6661 2018 6673 2026
 6679 2038 6689 2042 6691 2062 6701 2066 6703 2078 6709 2098 6719 2102
 6733 2122 6737 2126 6761 2138 6763 2174 6779 2182 6781 2186 6791 2194
 6793 2206 6803 2218 6823 2234 6827 2246 6829 2258 6833 2302 6841 2306
 6857 2326 6863 2342 6869 2362 6871 2374 6883 2386 6899 2402 6907 2426
 6911 2434 6917 2446 6947 2458 6949 2462 6959 2474 6961 2498 6967 2518
 6971 2554 6977 2558 6983 2566 6991 2578 6997 2582 7001 2594 7013 2602
 7019]
[2606 7027 2614 7039 2638 7043 2642 7057 2654 7069 2722 7079 2734 7103
 2746 7109 2762 7121 2798 7127 2818 7129 2846 7151 2854 7159 2858 7177
 2866 7187 2878 7193 2894 7207 2902 7211 2906 7213 2918 7219 2942 7229
 2962 7237 2966 7243 2974 7247 2978 7253 2986 7283 2998 7297 3022 7307
 3046 7309 3062 7321 3086 7331 3098 7333 3106 7349 3118 7351 3134 7369
 3142 7393 3158 7411 3166 7417 3194 7433 3202 7451 3214 7457 3218 7459
 3226 7477 3238 7481 3242 7487 3254 7489 3274 7499 3314 7507 3326 7517
 3334 7523 3338 7529 3386 7537 3394 7541 3398 7547 3418 7549 3442 7559
 3446]
[7561 3466 7573 3482 7577 3494 7583 3506 7589 3518 7591 3554 7603 3566
 7607 3574 7621 3578 7639 3602 7643 3622 7649 3646 7669 3662 7673 3694
 7681 3722 7687 3734 7691 3742 7699 3746 7703 3754 7717 3758 7723 3778
 7727 3802 7741 3814 7753 3826 7757 3862 7759 3866 7789 3898 7793 3902
 7817 3946 7823 3958 7829 3974 7841 3986 7853 3994 7867 3998 7873 4006
 7877 4022 7879 4034 7883 4054 7901 4058 7907 4078 7919 4106 7927 4126
 7933 4138 7937 4162 7949 4166 7951 4174 7963 4178 7993 4198 8009 4222
 8011 4226 8017 4258 8039 4262 8053 4274 8059 4282 8069 4286 8081 4306
 8087]
[4322 8089 4358 8093 4406 8101 4414 8111 4426 8117 4442 8123 4474 8147
 4478 8161 4486 8167 4502 8171 4534 8179 4538 8191 4546 8209 4562 8219
 4574 8221 4586 8231 4594 8233 4618 8237 4622 8243 4666 8263 4678 8269
 4682 8273 4694 8287 4702 8291 4714 8293 4742 8297 4754 8311 4762 8317
 4766 8329 4778 8353 4786 8363 4798 8369 4822 8377 4834 8387 4846 8389
 4874 8419 4882 8423 4894 8429 4918 8431 4934 8443 4946 8447 4954 8461
 5006 8467 5042 8501 5062 8513 5078 8521 5086 8527 5098 8537 5102 8539
 5114 8543 5158 8563 5182 8573 5186 8581 5218 8597 5234 8599 5242 8609
 5266]
[8623 5294 8627 5314 8629 5318 8641 5326 8647 5342 8663 5354 8669 5366
 8677 5374 8681 5378 8689 5386 8693 5398 8699 5414 8707 5422 8713 5426
 8719 5438 8731 5458 8737 5462 8741 5482 8747 5498 8753 5506 8761 5534
 8779 5554 8783 5578 8803 5582 8807 5594 8819 5602 8821 5606 8831 5638
 8837 5666 8839 5674 8849 5686 8861 5702 8863 5714 8867 5722 8887 5758
 8893 5774 8923 5794 8929 5806 8933 5818 8941 5834 8951 5854 8963 5878
 8969 5906 8971 5914 8999 5926 9001 5938 9007 5942 9011 5998 9013 6002
 9029 6022 9041 6038 9043 6046 9049 6074 9059 6082 9067 6098 9091 6122
 9103]
[6134 9109 6158 9127 6166 9133 6178 9137 6218 9151 6238 9157 6242 9161
 6274 9173 6326 9181 6334 9187 6338 9199 6362 9203 6374 9209 6382 9221
 6406 9227 6418 9239 6434 9241 6442 9257 6458 9277 6502 9281 6506 9283
 6514 9293 6518 9311 6542 9319 6598 9323 6602 9337 6614 9341 6626 9343
 6638 9349 6646 9371 6658 9377 6662 9391 6686 9397 6694 9403 6718 9413
 6722 9419 6742 9421 6746 9431 6778 9433 6782 9437 6814 9439 6826 9461
 6866 9463 6898 9467 6914 9473 6922 9479 6926 9491 6934 9497 6938 9511
 6982 9521 6998 9533 7022 9539 7034 9547 7054 9551 7058 9587 7066 9601
 7078]
[ 9613  7082  9619  7094  9623  7114  9629  7118  9631  7142  9643  7162
  9649  7166  9661  7186  9677  7214  9679  7226  9689  7234  9697  7246
  9719  7262  9721  7274  9733  7286  9739  7318  9743  7342  9749  7346
  9767  7354  9769  7382  9781  7394  9787  7402  9791  7418  9803  7438
  9811  7454  9817  7466  9829  7478  9833  7522  9839  7534  9851  7538
  9857  7558  9859  7586  9871  7594  9883  7606  9887  7642  9901  7646
  9907  7666  9923  7694  9929  7702  9931  7706  9941  7726  9949  7754
  9967  7762  9973  7778 10007  7814 10009  7822 10037  7834 10039  7838
 10061  7846 10067  7858 10069  7862 10079  7886 10091  7894 10093  7934
 10099  7978 10103  8002 10111]
[ 8006 10133  8014 10139  8026 10141  8038 10151  8042 10159  8054 10163
  8098 10169  8102 10177  8114 10181  8146 10193  8158 10211  8182 10223
  8186 10243  8198 10247  8222 10253  8254 10259  8258 10267  8266 10271
  8278 10273  8306 10289  8314 10301  8318 10303  8354 10313  8402 10321
  8422 10331  8434 10333  8438 10337  8458 10343  8462 10357  8482 10369
  8486 10391  8506 10399  8518 10427  8522 10429  8542 10433  8546 10453
  8566 10457  8578 10459  8594 10463  8654 10477  8674 10487  8678 10499
  8698 10501  8714 10513  8726 10529  8746 10531  8782 10559  8794 10567
  8818 10589  8842 10597  8846 10601  8882 10607  8894 10613  8902 10627
  8914 10631  8926 10639  8962]
[10651  8966 10657  8986 10663  9014 10667  9026 10687  9034 10691  9038
 10709  9046 10711  9094 10723  9098 10729  9122 10733  9134 10739  9166
 10753  9182 10771  9194 10781  9206 10789  9242 10799  9274 10831  9278
 10837  9286 10847  9298 10853  9302 10859  9314 10861  9326 10867  9346
 10883  9358 10889  9382 10891  9406 10903  9442 10909  9446 10937  9458
 10939  9466 10949  9502 10957  9518 10973  9566 10979  9574 10987  9578
 10993  9586 11003  9598 11027  9602 11047  9626 11057  9634 11059  9662
 11069  9722 11071  9742 11083  9754 11087  9778 11093  9806 11113  9818
 11117  9838 11119  9862 11131  9866 11149  9874 11159  9886 11161  9902
 11171  9914 11173  9934 11177]
[ 9938 11197  9946 11213  9974 11239  9986 11243  9998 11251 10006 11257
 10018 11261 10022 11273 10042 11279 10046 11287 10078 11299 10102 11311
 10118 11317 10154 11321 10162 11329 10174 11351 10198 11353 10202 11369
 10214 11383 10226 11393 10238 11399 10294 11411 10306 11423 10334 11437
 10342 11443 10358 11447 10378 11467 10394 11471 10418 11483 10454 11489
 10462 11491 10466 11497 10474 11503 10522 11519 10546 11527 10558 11549
 10562 11551 10594 11579 10606 11587 10618 11593 10646 11597 10666 11617
 10694 11621 10702 11633 10762 11657 10774 11677 10786 11681 10798 11689
 10814 11699 10826 11701 10834 11717 10838 11719 10862 11731 10874 11743
 10882 11777 10886 11779 10898]
[11783 10942 11789 10954 11801 10958 11807 10966 11813 11002 11821 11006
 11827 11014 11831 11038 11833 11042 11839 11054 11863 11062 11867 11114
 11887 11126 11897 11138 11903 11146 11909 11162 11923 11182 11927 11246
 11933 11278 11939 11282 11941 11294 11953 11302 11959 11306 11969 11314
 11971 11318 11981 11338 11987 11366 12007 11378 12011 11386 12037 11402
 12041 11422 12043 11434 12049 11474 12071 11482 12073 11486 12097 11498
 12101 11558 12107 11566 12109 11582 12113 11602 12119 11614 12143 11626
 12149 11642 12157 11654 12161 11678 12163 11686 12197 11698 12203 11702
 12211 11714 12227 11722 12239 11734 12241 11738 12251 11758 12253 11762
 12263 11794 12269 11806 12277]
[11846 12281 11854 12289 11878 12301 11906 12323 11962 12329 11974 12343
 12014 12347 12022 12373 12058 12377 12074 12379 12086 12391 12094 12401
 12106 12409 12134 12413 12146 12421 12158 12433 12178 12437 12182 12451
 12202 12457 12226 12473 12242 12479 12262 12487 12266 12491 12286 12497
 12302 12503 12326 12511 12346 12517 12394 12527 12398 12539 12406 12541
 12422 12547 12434 12553 12442 12569 12458 12577 12494 12583 12514 12589
 12526 12601 12538 12611 12542 12613 12554 12619 12574 12637 12598 12641
 12602 12647 12622 12653 12634 12659 12646 12671 12658 12689 12674 12697
 12686 12703 12706 12713 12718 12721 12722 12739 12734 12743 12746 12757
 12758 12763     4     1     2]

