[ 840  143 1080 1001  720  539  960  637  900  833  360  847  480  931
  540 1127  600   77  780  119  660   91  792  455  864  385  936  595
 1056  665 1152  715 1008  935]
[ 187  420  209 1020  133  576  161  990  203 1140  217  240  221  432
  247  528  259  624  253  648  287  810  299  816  805  912  875 1104
 1015  288 1045  504 1105  672]
[ 630  319  756  341 1040  301  880  323  180  329  300  343  396 1085
  612  175  468  245  684  275  768  371  450  377  972  325  828  425
 1116  475 1092  575  924  725]
[ 391 1050  403 1120  891  800  819 1100  413 1044  407  120  427  216
  605  312  775  264  845  336  925  384  437  560  451 1134 1025  252
 1075  588  625  882   65  168]
[ 700  473  980 1053  280 1089  640 1071  440  469  270  481  330  493
  378   55  408   35  456   85  462   95  546  517  210  527  552  125
  594  115  616  145  714  155]
[ 297  520  459  760  351  680  693  920  567 1000  497  510  511  390
  551  702  185  696  205  728  215  744  235  798  533  570  553  858
  265  888  295  896  305  918]
[ 910  513  770  621  952  429  400  441 1144  189  320  559  690  581
  750  583  966  335 1026  355  984  365 1032  395 1064  611  870  589
 1122  415 1128  445  144  485]
[ 561  784  663  448  495 1088  231  832  945  704  273  160  623  930
  629  324  505  192  515   72  535   84  545   96  565  108  649 1110
  667  126  635  132  655  156]
[ 140  627  200  741  224  585  544 1155  416  315  352  357  220  679
   60  671  204  685  198  689  228  695  234  697  276  703   90  707
  150  713  294  731  308  745]
[759 260 399 340 783 392 675 608 525 572 735 736 609 380 721 306 737 342
 749 348 755 364 779 350 767 372 763 414 781 444 785 486 793 476]
[ 490  837  460  651  500  897  532  765  836 1035  748  855  884  483
  550  791  492  799  516  803  522  815  558  817  564  835  636  865
  644  869  666  871  580  999]
[ 957  650  777  820  903  620 1107  812  975  868 1125  928  825  988
  861  740  889  708  851  732  893  726  895  738  899  774  905  804
  901  846  913  850  987  860]
[ 940  969  968 1029  950 1113  992  405 1012  225 1036  135 1148  165
 1024 1023 1060  917  852  943  876  923  948  949  954  955  996  959
 1014  965 1062  973 1150 1131]
[ 729 1078  195  176   63   80   99  112  255  208  285  272  345  304
  105  368  117  464  979 1098  985 1068  989   48  995  162 1003  496
 1007  512 1027  592  147  656]
[ 688  375  752  435  848  153  944  465  976  555 1072  615 1136  645
  256  705  196  795  676 1043   36 1037  100 1057  484 1055   24 1067
 1156  885   56  915   88 1005]
[1065  104 1095  128   45  152   75  136  171  154  207  182  243  184
  261  238  279  232  333   40 1073   30 1079   54 1081   42 1111   70
  363  248  369  266  387  286]
[ 296  423  322  477  328  507  344  531  110  549  130  603  170  639
  190  657  230  711  250  747  310 1099   66 1115   78 1121  102 1133
  290  801  370  867  376  873]
[ 909  374  927  406  963  410  981  418 1017  424 1083  430 1143  434
   81  442   21  470   27  472   33  488 1135  114 1139  138 1141  174
 1147  494   51  506   15  518]
[ 530   39  536   57  568   69  574   87  584   93  590  111  598  123
  602  141  610  129  632  159  646  177  638 1145  186   25  222   49
  246  121  658  183  664  201]
[213 670 219 682 237 686 249 710 267 730 291 712 303 742 309 754 321 776
 327 782 339 790 381 806 289 258 169 282 361 318 529 808 393 814]
[824 411 826 417 830 447 854 453 856 471 872 489 874 501 890 519 902 537
 904 543 938 573 946 579 962 841 354 961 366   5 402   7 970 591]
[ 597  986  633  994  669 1010  681 1016  687 1022  699 1030  717 1034
  723 1048  753 1054  771 1066  789 1070  807 1090  813 1096   11  426
   13  438   17  474   19 1106]
[1102  831 1112  843 1118  849 1130  879   64  921   20  933   28  939
   32  951   44  993   50 1011   52 1041   68 1047   76 1059   92   29
  498   23  534   31  582   37]
[1077   98 1101  116 1119  124 1137  148 1149  164    9  172    3  188
   41  212   43  236   47  242   53  244   59  268   61  284   67  606
   71  618   73  642   79  654]
[ 292   83  316   89  332   97  338  101  356  103  388  107  404  109
  678  127  786  113  762  131  822  139  894  137  834  149  906  157
  978  151  942  163 1002  173]
[ 167 1038  179 1086  191 1074  181 1146  193   12  197   18  199  412
  211  428  223  436  227  452  229  508  233  524  239  548  241  556
  251  578  257  596  263  604]
[628 269 652 271 668 277 692 281 716 283 722 293 724 307 764 311 772 313
 788 317 796 331 844 337 892 347 908 349 916 353 932 359 956 367]
[ 373  964  379 1004  383 1028  389 1052  397 1058  401 1076  409 1084
  419 1108  421 1124  431 1132  433   16  439    6  443    8  449   10
  457   14  461   22  463   26]
[ 34 467  38 479  46 487  58 491  62 499  74 503  82 509  86 521  94 523
 106 541 118 547 122 557 134 563 142 569 146 571 158 577 166 587]
[593 178 599 194 601 202 607 206 613 214 617 218 619 226 631 254 641 262
 643 274 647 278 653 298 659 302 661 314 673 326 677 334 683 346]
[358 691 362 701 382 709 386 719 394 727 398 733 422 739 446 743 454 751
 458 757 466 761 478 769 482 773 502 787 514 797 526 809 538 811]
[821 542 823 554 827 562 829 566 839 586 853 614 857 622 859 626 863 634
 877 662 881 674 883 694 887 698 907 706 911 718 919 734 929 746]
[ 758  937  766  941  778  947  794  953  802  967  818  971  838  977
  842  983  862  991  866  997  878 1009  886 1013  898 1019  914 1021
  922 1031  926 1033  934 1039]
[1049  958 1051  974 1061  982 1063  998 1069 1006 1087 1018 1091 1042
 1093 1046 1097 1082 1103 1094 1109 1114 1117 1126 1123 1138 1129 1142
 1151 1154 1153    4    1    2]

