[720 539 360 637 480  77 540  91 600 119 660 133 780 161 576 385 432 455
 528 595 624 665 648 715 504 275 672 325]
[143 240 187 180 203 288 209 300 217 396 221 450 253 468 175 612 245 684
 425 768 475 216 575 756 605 336 725 252]
[420 247 630 299 120 259 270 287 264 775 588 319 560 323 312 625 384  35
 456  55 168  65 378  85 546  95 408 115]
[341 700 377 210 391 330 301 390 329 552 125 702 407 280 437 462 145 594
 155 696 185 616 205 728 215 714 235 744]
[510 403 440 481 570 343 520 371 640 413 144 265 324 451 680 533 784 295
 192 305 448 585 704 675 224 335  72 355]
[427 690 469 750 473 760 693 400 567 320 493  84 365  96 497  60 517 108
 395 126 415 308 765 352 405 364 445 132]
[ 90 511 150 527 140 297 160 441 200 189 220 551 156 485 198 553 204 505
 228 515 234 535 392 225 416 495 476 545]
[559 276 581 260 459 350 351 340 231 380 273 460 583 294 565 306 589 348
 611 342 623 372 629 532 135 544 165 608]
[770 689 414 649 490 429 500 399 580 357 550 513 620 667 444 635 486 655
 492 671 516 679 522 685 572 315 736 525]
[621 740 697 558 703 644 561 650 483  80 609 748 741 112 695 564 707 636
 713 666 721 708 731 726 745 176 735 208]
[272 627 368 737 732 755 304 651 464 663 496 105 512 195 592 749 738 763
 774 767  48 779 162  25 656 255 688 285]
[345 752 375 196 781  36  49 100 759 256 435 484 465  56 615 676 121  24
 169  30 289  40 361  42 529  88 555 104]
[128 645 136 705 152   5  54   7 130 777 184 783 154 729 182  45 232  11
  70  13  66  17  78  19 102  23 238  75]
[ 63 248  99 266 117 296  29 110 147 170 171 230 153 190 207 286 243 250
 261 310  37 114  31 138  41 174  43 322]
[290 333 328 279 344 363 370 369 374 387 376 477 406 423 410 531 418 507
 424 549 430  47 222  53 186  59 246  61]
[603 434 639 442 657 470 711 472 747 488  81 494  15 506  21 530  27 518
  33 536  39 568  67 258  71 282  73 318]
[574  51 584  57 590  69 602  87 598  93 610 111 632 123 638 129 646 141
 664 159 658 177 682  79 354  83 366  89]
[183 670 213 686 201 710 219 712 237 730 249 742 267 754 291 782 303 776
 309  64 321  20 327  28  97 402 101 426]
[ 32 339  44 381  50 393  52 411  68 417  76 447  92 453  98 471 116 489
 124 501 148 519 164 537 172 103 438 107]
[543 188 573 212 579 236 591 242 597 244 633 268 669 284 681 292 687 316
 699 332 717 338 723 356 753 388 109 474]
[404 771 412   9 428   3 436 113 508 131 452 127 524 137 556 149 548 139
 578 151 596 157 604 163 628 167 498 173]
[179 652 181 668 191 692 193 534 197 582 199 606 211 618 223 642 227 654
 229 678 233 762 239  12 241  18 251 716]
[722 257 764 263 724 269  16 271 772 277   6 281   8 283  10 293  14 307
  22 311  26 313  34 317  38 331  46 337]
[347  58 349  62 353  74 359  82 367  86 373  94 379 106 383 118 389 122
 397 134 401 142 409 146 419 158 421 166]
[178 431 194 433 202 439 206 443 214 449 218 457 226 461 254 463 262 467
 274 479 278 487 298 491 302 499 314 503]
[509 326 521 334 523 346 541 358 547 362 557 382 563 386 569 394 571 398
 577 422 587 446 593 454 599 458 601 466]
[478 607 482 613 502 617 514 619 526 631 538 641 542 643 554 647 562 653
 566 659 586 661 614 673 622 677 626 683]
[691 634 701 662 709 674 719 694 727 698 733 706 739 718 743 734 751 746
 757 758 761 766 769 778 773   4   1   2]

