[840 143 720 539 900 637 360 833 480 847 540  77 600  91 660 119 780 133
 792 455 864 385 576 595 432 665 528 805 624 875]
[187 420 209 240 161 648 203 810 217 816 247 180 221 880 259 288 253 300
 287 396 175 468 245 684 715 612 325 768 275 828]
[504 299 630 319 450 301 800 323 120 329 216 341 672 377 264 425 756 391
 270 343 312 475 384 575 336 605 252 725 588 775]
[845 882 403 560 407 390 371 330 413 408 625 168  55 378  65 456  85 462
 437 440 427 552  35 594  95 546 115 616 125 696]
[714 145 798 451 700 473 510 469 520 497 702 155 728 185 744 205 858 215
 888 493 570 481 144 235 896 265 324 295 784 305]
[335 192 355 448 891 280 517 640 693 680 511 704 675 832 365  72 395  84
 415  96 527 210 533 108 445 126 485 132 505 156]
[198 515 204 535 224 297 760 819 400 567 320 441 352 315 416 545 228 559
 276 551 690 583 750 553 234 565 294 589 306 581]
[611 308 635 342 629 140 351 160 189 200 231 260 357 572 525 544 623 870
 649  60 671  90 667 150 679 348 655 364 685 372]
[770 459 392 689 220 513 340 273 380 429 460 399 500 483 608 495 736 697
 350 703 414 707 444 713 486 695 476 825 532 731]
[621 490 561 580 651 550 609 620 663 644 627 650 759 740 783 868 585 812
 741 748 721 492 737 516 745 522 755 884 405 836]
[820 837 860 777 850 861  80 897 112 765 208 729 272  63 176 855 368 225
 464 735 304 749 558 763 564 767 636 779 496 105]
[ 99 512 117 656 147 592 153 688 135 752 165 848 195 256 255 196 285 484
 345 676 375  88 785 666 781 732 791 708 793 128]
[100 171  40 207 104 435  56 465 136 555 152 615 154 645 182 705 184 795
 232 885 238  45 248 799 738 803 774 815 726 817]
[243  70 261 110 279 266  75 286 333 322 363 296 369 374 387 328 423 344
 477 376 507 406 531 130 851 804 835 846 865 852]
[170 549 190 603 230 639 418 657 250 711 290 747 310 801 370 867 410 873
 430  81 424  15 434  27 442 869 876 871  48 889]
[ 21 470  33 472  39 488  51 494  69 518  57 506  87 530  93 536 111 568
 123 584 129 574 141 590 159 598 893 162 895  36]
[610 177 602 183 632 201 638 213 646 219 658 237 664 267 670 249 682 291
 686 303 710 309 712 321 730 327 742 899  24  25]
[339 754 381 776 393 782 411 790 417 806 447 808 453 814 471 824 489 826
 501 830 519 854 537 872 543 856 573 874  49  54]
[890 579  64 591  20 597  28 633  32 669  44 681  50 687  52 699  68 717
  76 723  92 753  98 771 116 789 124 807 148 121]
[813 164 831 172 843 188 849 212 879 236   9 242 169 244 289 268 361 284
 529 292 841 316   3 332   5 338   7 356  11  30]
[388  13 404  17 412  19 428  23 436  29 452  31  42  37  66  41  78  43
 102  47 114  53 508  59 138  61 174  67 186  71]
[ 73 222  79 246  83 258  89 282  97 318 101 354 103 366 107 402 109 426
 113 438 127 474 131 498 137 534 139 582 149 606]
[618 151 642 157 654 163 678 167 762 173 786 179 822 181 834 191 894 193
  12 197  18 199 548 211 524 223 578 227 556 229]
[233 596 239 604 241 628 251 652 257 668 263 692 269 716 271 722 277 724
 281 764 283 772 293 788 307 796 311 844 313 892]
[ 16 317   6 331   8 337  10 347  14 349  22 353  26 359  34 367  38 373
  46 379  58 383  62 389  74 397  82 401  86 409]
[419  94 421 106 431 118 433 122 439 134 443 142 449 146 457 158 461 166
 463 178 467 194 479 202 487 206 491 214 499 218]
[226 503 254 509 262 521 274 523 278 541 298 547 302 557 314 563 326 569
 334 571 346 577 358 587 362 593 382 599 386 601]
[607 394 613 398 617 422 619 446 631 454 641 458 643 466 647 478 653 482
 659 502 661 514 673 526 677 538 683 542 691 554]
[562 701 566 709 586 719 614 727 622 733 626 739 634 743 662 751 674 757
 694 761 698 769 706 773 718 787 734 797 746 809]
[811 758 821 766 823 778 827 794 829 802 839 818 853 838 857 842 859 862
 863 866 877 878 881 886 883 898 887   4   1   2]

