[840 143 720 539 960 637 900 833 360 847 480 931 540  77 600  91 660 119
 780 133 792 455 864 385 936 595 576 665 432 715 504]
[187 420 209 240 161 528 203 624 217 648 221 810 247 816 253 912 259 880
 287 180 299 288 805 468 875 396 175 612 245 684 935]
[630 319 672 323 300 301 450 329 768 275 756 341 336 325 252 425 828 343
 800 371 120 377 216 475 264 575 312 605 384 725 588]
[391 560 403 924 437 270 407 390 413 408 775 882 845 168 925 378 625 456
 427 330 469 440 481 462  65 594  35 552  55 546  85]
[700 891 280 493 210 451 510 473 520 497 696  95 616 115 702 125 714 145
 744 511 570 527 640 533 798 155 858 185 728 205 888]
[297 680 351 760 517 690 551 750 553 870 559 896 585 952 215 918 235 144
 265 324 581 920 693 400 583 784 295 192 305 448 335]
[910 513 770 459 320 589 945 611 930 623 704 675 224 495 832 355  72 365
  84 395  96 629 160 819 200 429 392 415 108 445 126]
[561 140 621 220 567 260 649  60 667  90 679 352 765 364 825 416 485 132
 505 156 515 198 689 340 441 380 663 308 535 204 545]
[350 627 476 741 460 189 500 671 150 697 228 565 532 405 544 315 572 635
 234 655 276 685 294 703 550 273 580 837 608 695 306]
[759 490 783 620 231 650 357 736 707 342 713 348 731 644 855 748 525 836
 721 372 737 414 745 486 749 740 399 820 483 884 755]
[812 897 850 609 860 651 928 735 176 763 444 767 492 781 868 225 208 105
 272 779 516 785 522 791 558 793 940 777 950 861 304]
[135 112 957  80 729 368 165 464 195 496 799 636 803 564 815 512 255 592
 285 688 835 666 817 708 851 726 871 656 903 752 345]
[848 375 944  63 100  99 196 465 256 435 484 865 732 869 738 889 676 615
  56 555  88 893 804 895 774 899 846 901  40 117 128]
[645 104 705 136 147 130 153 152 795 154 885 182 905 852 913 876 917 184
 915 232  45 238 923 948 943 954 949  48 959 110 171]
[248  75 266 207 170 243  70 261 286 279 296 363 322 955 162  25  36  49
 328 333 344 369 190 121  24 169  30 289  54 361 230]
[387 374 423 250 477 290 507 310 531 370 549 376 603 406 529  42 841  66
 961 410 639 418 657 424   5 102   7  78  11 138  13]
[434 711 430 747 442 801 470 867 488 873 472 909 494 927 518  17 114  23
 174  19 506  81 530  21 536  29 186  37 246  31 222]
[ 15 568  27 574  33 584  39 590  51 598  57 602  69 610  87 632  41 258
  47 318  43 638  93 646 111 658  53 282  59 366  67]
[664 123 670 129 686 141 682 159 710 177 712 183 730 201 742 213 754  61
 354  71 402  73 776 219 782 237 806  79 426  83 438]
[267 790 249 808 291 814 303 824 321 830 309 826 327 854 339 856 381 872
  89 474  97 498 101 874 393 890 411 902 103 534 107]
[904 417 938 447 946 453  64 471  20 489  28 501  32 519  44 537  50 543
  52 109 606 113 582 127  68 573  76 579  92 131 618]
[591  98 597 116 633 124 669 148 681 164 687 172 699 188 717 212 723 236
 753 242 137 642 139 654 149 244 771 268 789 284 151]
[292 807 316 813 332 831 338 843 356 849 388 879 404 921 412 933 428 939
 436 951 452 157 678 163 762 167 508   9 524   3 548]
[173 556 179 578 181 596 191 604 193 628 197 652 199 668 211 692 223 716
 227 722 229 786 233 822 239 834 241 724 251 764 257]
[894 263 906 269 942 271  12 277  18 281 772 283 788 293 796 307 844 311
 892 313 908 317 916 331 932 337 956 347  16 349   6]
[353   8 359  10 367  14 373  22 379  26 383  34 389  38 397  46 401  58
 409  62 419  74 421  82 431  86 433  94 439 106 443]
[118 449 122 457 134 461 142 463 146 467 158 479 166 487 178 491 194 499
 202 503 206 509 214 521 218 523 226 541 254 547 262]
[557 274 563 278 569 298 571 302 577 314 587 326 593 334 599 346 601 358
 607 362 613 382 617 386 619 394 631 398 641 422 643]
[446 647 454 653 458 659 466 661 478 673 482 677 502 683 514 691 526 701
 538 709 542 719 554 727 562 733 566 739 586 743 614]
[751 622 757 626 761 634 769 662 773 674 787 694 797 698 809 706 811 718
 821 734 823 746 827 758 829 766 839 778 853 794 857]
[802 859 818 863 838 877 842 881 862 883 866 887 878 907 886 911 898 919
 914 929 922 937 926 941 934 947 958 953   4   1   2]

