[180  77 120  91 144 175 192  35  72  55 168  65  84  85]
[119  60 133  90 143  96  95 108 115 126 125 132 145 156]
[150 161 160 187 140 121  48 155 112 185 162  25 176  49]
[169  80 189 100  99 196   5  36  11  24   7  54  13  30]
[ 40  63  88 117  56 135 104  17  42  19  66  23  70  29]
[147 110 153 128 165 136 105 152  31  78  37 102  41 114]
[130 171 154 195 184  45  64  75 182  43 138  47 170  53]
[ 81  20  27  28  15  32  21  44  51 190  59 174  61 186]
[50 33 52 57 68 39 76 69 98 87 92 67 12 71]
[ 93 116 111 124 123 148 129 164 141 172 159 188  73  18]
[ 16 177   8 183  10   9  14   3  22  79  26  83   6  89]
[ 97  34 101  38 103  46 107  58 109  62 113  74 127  82]
[ 86 131  94 137 106 139 118 149 122 151 134 157 142 163]
[167 146 173 158 179 166 181 178 191 194 193   4   1   2]

