[240  77 180  91 120 119 216 175 144 245 192  35  72  55 252  65]
[133  60 143  90 161  96  85 108  95 132 115 156 125 168 145  84]
[150 187 210 209 160 203 198 155 126 185 204 205 224 215 228 221]
[217 200 247 140  99  80  49 234 235  48 253 112 225 176  25 162]
[220 189 100 117 196 153 208 121  36 169 256 135  56 195  88   5]
[ 63  40 231 128 165 104 105 136   7  24  11 152 255 154  45 182]
[110 147 130 171 184  75 232 207 170  13  30  17 248 243 238  81]
[ 21 190  27  70  33  64  15  28  39 230  19  42  23 250  57  20]
[ 32  51  44  69  50  87  52  93  68 111  92  29  54  31  98 123]
[129  76 141 116 159 124 177 148 183 164 201 172  37  66  41 188]
[212 213 236 219 242 237 244 249  16   9   8   3  10  43  78  53]
[ 47  14  61  22  59  26  67  34  71  38  73  46  79 102  83 114]
[138  89 174  97 186 101 222 103 246 107  12 109  18 113   6 127]
[131  58 137  62 139  74 149  82 151  86 157  94 163 106 167 118]
[122 173 134 179 142 181 146 191 158 193 166 197 178 199 194 211]
[223 202 227 206 229 214 233 218 239 226 241 254 251   4   1   2]

