[360 539 480  77 540  91 600 119 576 385 432 455 528 595 624 175 288 245
 396 325 504 275 336 425 252]
[133 240 143 180 161 300 187 450 203 468 475 612 575 216 605 312 625 264
  35 384  55 588  65 168  85]
[120 209 420 221 270 217 390 253 408  95 378 115 456 125 546 145 462 155
 552 185 144 205 594 215 616]
[247 560 299 210 319 510 259 520 287 324 235 192 265 448 295  72 305  84
 323  96 301 108 329 132 335]
[280 297 400 341 570 343 330 371 440 377 126 355 156 365 198 391 224 395
 234 407 320 403  60 413 204]
[351 140 429 160 427  90 437 150 469 200 451 228 415 276 445 294 473 306
 485 342 481 220 493 260 497]
[308 459 350 513 340 511 348 517 372 533 315 527 352 505 364 515 392 535
 414 545 476 621 380 567 416]
[585 532 561 460 441 500 553 444 551 486 559 490 117 544 495 608 405 572
 565 492 583 580 189 550 357]
[112 225 208 231 620 273  80 581 516 589 522 611 176 525 272 105 304 135
 368 623 558  49 464 399 496]
[165 512 255 592 483 100 609 256  25 564 121  48 169 484 195  88 345 196
 285 104 289 162 361  40  63]
[ 56 375 128 435 136  99 130 147 152 529  36   5  24   7 184 465 154 555
 182 615 232  11  30  13 110]
[ 45 238  75 248 171  70 153 190 207 170  19  42  17  54  29 266 243 286
 261 296 279 230  31  66  23]
[322 333 328 363 250 369 290 387 310 423 344  37  78  41 102  43 370 477
 374 507 376 531 406  47 114]
[549 410 603 424  81 418  21 442  27 430  33 434  53 138  59 174  61 470
  39 472  15 488  51 494  67]
[506  57 518  69 530  87 536  93 568 111 574 129 584  71 186  73 222  79
 590 123 598 141 602 159 610]
[177  64 183  20 201  28 213  32 219  44 237  50 249  52  83 246  89 258
  97  68 267  76 291  92 303]
[ 98 309 116 321 124 327 148 339 164 381 172 393 188 411 212 101 282 103
 318 107 236 417 242 447 244]
[453 268 471 284 489 292 501 316 519 332 537 338 543 356 573 388 109 354
 113 366 127 404 579 412 591]
[428 597 436   9 452   3 508 131 548 139 524 137 556 149 578 151 402 157
 426 163 438 167 596 173 604]
[179  16 181   8 191  10 193 474 197 498 199 534 211 582 223 606 227 618
 229  12 233  18 239   6 241]
[ 14 251  22 257  26 263  34 269  38 271  46 277  58 281  62 283  74 293
  82 307  86 311  94 313 106]
[317 118 331 122 337 134 347 142 349 146 353 158 359 166 367 178 373 194
 379 202 383 206 389 214 397]
[218 401 226 409 254 419 262 421 274 431 278 433 298 439 302 443 314 449
 326 457 334 461 346 463 358]
[467 362 479 382 487 386 491 394 499 398 503 422 509 446 521 454 523 458
 541 466 547 478 557 482 563]
[502 569 514 571 526 577 538 587 542 593 554 599 562 601 566 607 586 613
 614 617 622 619   4   1   2]

