[180  77 120  91 216 175 144  35 192  55 168  65  72  85  84]
[119  60 133  90 143  96  95 108 115 126 125 132 145 156 155]
[150 161 160 187 210 209 204 185 198 205 224 215  48 203 162]
[217 200 189  80 221 140 121 112  25 176 225 208  49 220 169]
[ 36   7 100  63  40  99 196 135  56 195  88 105 104 147 110]
[  5  24  11 128 117  70 153 152 165 136  45 184  75  64 171]
[ 42  13  30  17 154 207 130  81 182  15  28  27  32  21 170]
[ 19  54  23  66  29 190  33  20  51  44  39  50  57  52  69]
[ 78  31 102  37 114  41  68  87  76  93  92 111  98 123 116]
[ 43 138  47 174  53 186  59 124 129 148 141 164 159 172 177]
[222  61  12  67  18  71 188 183 212 201  16 213   8 219  10]
[ 73   6  79  14  83  22   9  26   3  34  89  38  97  46 101]
[ 58 103  62 107  74 109  82 113  86 127  94 131 106 137 118]
[139 122 149 134 151 142 157 146 163 158 167 166 173 178 179]
[194 181 202 191 206 193 214 197 218 199   4 211   2 223   1]

