[1260  143  840  187 1080 1001  720 1309 1200  539  960  637 1320  833
  900  847 1296 1225  792  455  864  385  936  595 1056  665 1152  715
 1008  935 1344 1045  504 1105  672 1235  756]
[ 209  360  221  420  247  480  931  540 1127  600 1183  660   91  990
  119  780   77 1224  805 1188  875 1248 1015 1368 1085  576 1265 1176
  275 1092  425  336  325  924  475  432  575]
[ 630  253 1050  299 1020  133 1170  161 1140  203 1350  217  240  259
  528  287  624 1295  648  175  816  245  912  605 1104  725 1134  775
  252  925 1232  845  288 1025  396 1075  468]
[ 319 1120  323  560  341  810  301  880  329 1040  343 1360  371  180
  377  300  391  684 1175  612 1325  768  625  588   55  828   65  882
   85  972   95 1044   35 1116  115 1332  125]
[ 450  403  700 1287  800  407 1280  819 1100 1071 1300  693  520  413
  120  427  216  145  168  155  264  185  312  205  378  215  384  235
  456  265  408  295  552  305  462  335  546]
[ 437  980  891  280 1053  640 1197  440 1323  760  567  680  441  920
  451  270  469  594  355  616  365  696  395  702  415  714  445  728
  473  744  481  798  485  858  493  888  505]
[ 210  517  896 1089  952  297 1000  189 1144  357 1160  231 1240  273
  400  497  330  511  918  515  966  527  984  535 1026  533 1032  545
 1064  559  510  583 1128  551  390  553 1122]
[ 589  690  611 1190  351 1288  429  320  399  704  459  832  483 1088
  513  160  581  570  623 1242  565 1218  629 1254  635 1272  649 1302
  655  144  667  750  671  910  697  870  679]
[ 770  689  930  703  784  495  448  561  200  609 1216  945  352 1365
  544  621  220  707 1110  721 1326  685  324  695  192  713 1230  731
   72  737 1290  749   60  779 1155  767   90]
[ 663 1330  781   84  745  224  585  392  627  260  651  416  315  608
  525  572  777  340  763   96  755  108  785  126  793  132  791  150
  799  140  803  156  817  198  851  204  869]
[308 783 350 871 228 815 476 675 364 759 380 837 736 735 748 855 884 861
 460 889 234 835 276 865 294 893 306 899 342 901 348 895 372 905 486 913
 414]
[ 765  532  897  490  923  444  943  812  825  868  957  500  741  928
  975  644 1125  836  903  550  917  492  949  516  955  522  959  564
  965  558  973  636  979  666  985  708  995]
[ 968 1035  992  969  580  989  620  999  988 1215 1036 1023  740  987
 1012 1275 1078 1305 1184 1029  650 1003  726 1007  732 1027  738 1037
  774 1043  804 1055  846 1057  852 1067  876]
[ 405 1148  225 1196 1107  850 1113  820 1161 1274  135 1204 1131  860
 1209 1276  195 1292  105 1312 1173  940 1073  948 1079  950 1081  954
 1099  996 1111 1014 1115 1062 1133 1060 1121]
[1316  165 1352  255 1364 1239 1150 1221 1180 1269 1024  285  112 1311
 1210 1281  176  345  208  375  304 1353 1220 1139 1068 1141 1098 1135
 1164 1145 1206 1147 1212 1157 1278 1159 1236]
[ 435  272  465  368  555  464  729 1340   63   80   99  496  615  512
  117  592  645  656  705  688  795  752  147  848 1165 1284 1169 1308
 1177 1314 1189 1356 1195   48 1199  162 1205]
[ 944  915 1072  885  976 1005 1136  153 1168  171 1250  207 1264 1065
 1328 1095  196 1185  256 1245  484 1335  676   45 1156 1211   36 1207
  100 1219   24 1241   42 1243   30 1247   54]
[  75   56  243   88  261  104  279   40  333   70  363  128  369  136
  387  152  423  154  477  182  531  184  549  232  507  110 1253   66
 1261  102 1255   78 1271  114 1267  130 1273]
[ 238  603  170  639  190  657  230  711  248  747  250  801  266  873
  286  867  290  909  296  927  310  963  322  981  328 1017  344 1285
  138 1313  174 1315  222 1331  186 1337  246]
[1083  370 1143  374 1179  376 1233  406 1251  410 1341  418 1359  424
   81  430   21  442   15  434   27  470   33  472   39  488   51  494
 1333  282 1339  258 1343  318 1345  354 1349]
[ 506   57  518   69  530   87  536   93  568  111  574  129  584  123
  590  141  598  159  602  177  610  201  632  183  638  213  658  219
  646 1351  366 1355  402 1357  426 1363  438]
[237 664 267 670 249 682 291 686 303 710 309 712 321 730 327 742 339 754
 381 776 393 782 411 790 417 806 447 808 453 814  25 474  49 498 121 534
 169]
[824 471 826 489 854 501 830 519 856 537 872 543 874 573 890 579 902 591
 904 597 938 633 946 669 962 681 970 687 986 699 994 289 582 361 606 529
 618]
[ 717 1010  723 1016  753 1022  771 1030  789 1034  807 1048  813 1054
  831 1066  843 1070  849 1090  879 1096  921 1102  933 1106  939 1112
  951 1118  993 1130  841  642  961  654 1369]
[1162 1011 1166 1041 1178 1047 1192 1059 1208 1077 1222 1101 1246 1119
 1256 1137 1258 1149 1270 1167 1298 1191 1304 1203 1310 1227 1334 1257
 1336 1263 1342 1293 1358    5  678    7  762]
[1299   64 1317   20 1329   28 1347   32    9   44    3   50   11   52
   17   76   13   68   19   92   29   98   23  116   31  148   41  124
   37  164   43  188   53  786   47  822   59]
[ 172   61  212   67  236   71  242   73  244   79  268   83  834   89
  894   97  906  101  942  103  978  107 1002  109 1038  113 1074  127
 1086  131 1146  137 1158  139 1182  149 1194]
[ 151 1266  157 1338  163 1362  167   12  173   18  179  284  181  292
  191  316  193  332  197  338  199  356  211  388  223  404  227  412
  229  428  233  436  239  452  241  508  251]
[524 257 548 263 556 269 578 271 596 277 604 281 628 283 652 293 668 307
 692 311 716 313 722 317 724 331 764 337 772 347 788 349 796 353 844 359
 892]
[ 367  908  373  916  379  932  383  956  389  964  397 1004  401 1028
  409 1052  419 1058  421 1076  431 1084  433 1108  439 1124  443 1132
  449 1172  457 1228  461 1244  463 1252  467]
[1268  479 1324  487 1348  491   16  499    6  503    8  509   10  521
   14  523   22  541   26  547   34  557   38  563   46  569   58  571
   62  577   74  587   82  593   86  599   94]
[601 106 607 118 613 122 617 134 619 142 631 146 641 158 643 166 647 178
 653 194 659 202 661 206 673 214 677 218 683 226 691 254 701 262 709 274
 719]
[278 727 298 733 302 739 314 743 326 751 334 757 346 761 358 769 362 773
 382 787 386 797 394 809 398 811 422 821 446 823 454 827 458 829 466 839
 478]
[853 482 857 502 859 514 863 526 877 538 881 542 883 554 887 562 907 566
 911 586 919 614 929 622 937 626 941 634 947 662 953 674 967 694 971 698
 977]
[ 706  983  718  991  734  997  746 1009  758 1013  766 1019  778 1021
  794 1031  802 1033  818 1039  838 1049  842 1051  862 1061  866 1063
  878 1069  886 1087  898 1091  914 1093  922]
[1097  926 1103  934 1109  958 1117  974 1123  982 1129  998 1151 1006
 1153 1018 1163 1042 1171 1046 1181 1082 1187 1094 1193 1114 1201 1126
 1213 1138 1217 1142 1223 1154 1229 1174 1231]
[1186 1237 1198 1249 1202 1259 1214 1277 1226 1279 1234 1283 1238 1289
 1262 1291 1282 1297 1286 1301 1294 1303 1306 1307 1318 1319 1322 1321
 1346 1327 1354 1361 1366 1367    4    1    2]

