[2520 2431 3360 2717 3600 1001 2880 1309 2160 1463 3120 1771 3240 1547
 2640 1729 1440 2093 1800 2233 2340 2261 1980 2639 2400 2387 2700 2737
 3168 2275 2376 2975 2808 1925 3456 2695 3672 3185 1584 3325 3432 1225
 1872 3025 3024 3575 2016  715 3528  935 3276 1045 1512 1105 3696 1235
 2772 1495 1848 1615 2184]
[3289 1680 3553 1260 1573 3060 2821 3420 2849 1080 3059 1560 3157 1920
 3367 3300 3451 1320 3689 2280 3311 2760  637 2040 3619 3000  539 3480
  833 2592  455 2736  385 2448  665 3312  875 3564  595 1728  805 2112
 1015 2496 1265 2688 1375 2856 1595 3192 1705 1008 1625 2268 1885 2352
 1955 1344 2015 1764 2035]
[2100 1859 2940 2057 3150 2299  720  847 3510  931 2970 1127 3720 1183
 1200 1421 1620 1519  960 1813 3264 2009 3520 2107 3648 2023  900 2303
 2304 1085 1296 1295  864 1435  792 1505  936 1645 1056 1715 1152 1855
 1188 2065 1224 2185  504 2255  672 2125  756 2365 1176 2375  924 2405
 1368 2465 1386 2635 1092]
[2783  840 2873 1890 3179 2730 3509  360 2527  480 2597  540 2891  600
 2989  660 3211  990 3283  780 3479 1020 3577 1140 3703 1170 2401 1248
 2135 1404 2345 1632 2485 1656 2555 1716 2755 1836 2665 1824 2585 1944
 2765 2052 2795 1428 2875 1596 2915 1638 2945 1932 3055 2088 3145 2208
 2905 2232 3335 2394 3245]
[3570  143 2800  187 3640  209 2240  221 1350   77 1380   91 1500  119
 1650  133 1530  161 1710  203 1760  217 1740  253 1860  259 1950  287
 2244 3115 2484 3355 2652 3395 2508 3485 2464 3445 2142 3565 2436 3515
 2574 3535 2664 3625 2604 3655 2646 3685 2784  275 2898  325 2904 3605
 2952  175 2964  425 2912]
[ 247  420  299  630  319 1050  323 2310  377 2070  301 2200  329 2080
  343 2220  341 2250  371 2430  391 2460  403 1120  407 2550  413 2580
  427 2976  245 3096  475 3036  725 3108  575 3132  605 3384  775 3234
  925 3348  845 3366 1025 3402 1075 3444 1175 3552 1325 3612 1445 3588
 1475 3072 1525 3654 1675]
[3080  437 1400  451 1470  473 1820  493 1540  481 2610  469 2600 2079
 2720  497 2820  511 2790  517 1960  527 2660 1287 2380  533 2850  553
 2860  551  576 1775 2916 1805 3136 1825  336 1975  432 2075  528 2225
  624 2425  648 2525  816 2575  912 2645 1134 2675 1104 2725 1232 2825
 1392 3125 1456 3175 1488]
[1989 3200 1683 3040  559 3180  589 3220 2223 3400  581 3330  583 3680
 2457 1600  623 3450  611 3500 1881  560 2277 1360 2673 1520  629 3540
  667 3465  689 1536 3275 1776 3425 1782 3475 1904  625 1968   35 2064
   55 2106   85 2128   65 2256  115 2288   95 2544  125 2576 2925 2992
  155 2754  145 2832  185]
[ 880 3213 1040  693 1840  649 3660  697 2000 3003 2320  671 3690  679
 2480 3591 2560  703 3630  713 2960 2691 3248 3069 3280  819 3344  707
  240  731  810  721 2928  205 3078  215 3216  235 3408  265 3504  295
 3472  305 3584 2475 1568  335 3536 2835 2816  355  252  365 1792 1755
 2156  395  288  415  396]
[1071 3440 1197  800 1323 1280  737  180  749 1700 1449 1300  763  300
  767 1100 1701 2300  779  450  781  700 2907  980 2871 1900 1827 2420
  791  468  799  684  445  588  485  612  505  768  515  828  535  882
  545  972  565 2548 1485 3328 1575 1144 2205 1408  635 1044  655 3332
 2565 3388  685 1116  695]
[2900 1617 3100 1911 3700 1953 3380  803 1332  793  440 2331  520  817
 1452  851  640 2499  920  869 1476  871 2450 3159  280 3267  680 2583
  760  889 1548  745 1692  755 1908  785 2028  815 2124  835 2178  865
 2196  893 2412  895  728 2295 1664 3675 1496  945 1672  901 2556  899
  616 3105  896  905 2628]
[2541 1000 2709 1160 2793 1430 2961 1240  913 2844  917 1640 3087 1480
  923 2988  943 1720 3339 1768  955 3204  949  770 3393  952 3627 1870
 3381 1880  959 3042  965 3468  973 3492  979 3636  985 3708  989  168
  995  216 1003  264 1007 1288 2805 1976 2415 2176 1365 2024 1027  120
 1037 1064 2145 1624 1055]
[2120 3519 2090 3549 2360  567 2210 3663  910 1067  270 1043 2392 3717
 2432 1057  312 1073 2440  891 1736 1079  210 1081 1190 1053 1330 1863
 2470 1377 2530 1099  384 1111  390 1121  378 1115  408 1135  456 1133
  546 1139  330 1141  510 1147 2296 3375 2552 1995 2728 1785 2944 1157
  462 1145 2072 3135 2408]
[1539 1750 2349 2584 2511 2680 2997 1610 3321 2030 1159  552 1165 3016
 1155 3128 1169  570 1177 2170 3483 2590 1189  594 1219 2618 1521 2632
 1089 2744 2601 2750 1207  690 1199  696 1195  702 1205  714 1243  744
 1241  750 1211  858 1247  798 1255 2002 2025 3224 2625 3256 3045 3496
 1261  888 1271 2968 3315]
[2840 3249 2870  297 2920  441 2990  459 2926  351 3010 1273  918 1253
 3712 3255 3608 1267  870 1313 3160  429 3230 1333  984 1285 3304 3705
 3416 3645 3458  621 3190 1337  930 1331  966 1315 1026 1339 1032 1343
 1110 1349 1122 1345 1128 1355 1218 1357 3094  495 2704  315 1936  525
  704 1351 1242 1363 3542]
[ 189 3250  513 3290  561 3320  231 3560  663 3410  741 3430 1387 1230
 1379  832  675 1088 1391 1254 1393  400  273 2500 1397 1272 1385  784
  585  448  765 1216  357  320 1403 1290 1411 1302 1405 1416 1415 1464
 1417 1410 1469 1518 1465 1326 1441 1482 1457 1472  735 1856  855 1984
  975 2368 1477 1590 1501]
[2624  399 2752  627 3710  759 3008  483 3392  609  160  783  140 1507
 1566 1513  224  825  392 1517 1608 1529  200  651  260 1541 1554 1535
  308 1035  352 1125  416  777  220 1537 1674 1555 1704 1561 1752 1565
 1722 1577 1770 1589 1794 1585 1806 1633 1830 1591  544 1215  364 1275
  532 1305  572 1603 1914]
[1395  736 1425  476  837  340  861  380  897  500  903  460  957  350
 1639 1896 1643  608 1665  644 1649 1974 1651  550  969  490 1661 1938
 1655  748 1725  812 1815  884  987  620 1631 1992 1673 1998 1685 2046
 1679 2010 1687 2130 1691 2058 1703 2136 1711 2190 1727  868 1845  836
 1935  968 2115  928 1717]
[ 988 2175  992 2385 1012  999  580 1023  740 1029  650 1107  850 1131
  820 1739 2214 1735 1078 2325 1036 1745 2226 1751  860 1173  940 1757
 2262 1763 1184 2535 1148 2655 1196 1113  950 1769 2322 1765 2328 1781
 2370 1793 2346 1799 2418 1795 2424 1807 2442 1817 2472 1819 1204 2745
 1274 2775 1276 3015 1312]
[3075 1292 3195 1316 3225 1352 1161 1060 1209 1150 1221 1180 1269 1210
 1239 1220 1829 2538 1835 1372 3285 1364 1843 2478 1837 1340 1281 1376
 1841 2490 1853 1484 3525 1508 3555 1504 1353 1420 1883 2568 1865 2562
 1903 2616 1891 2622 1895 2706 1897 2670 1909 2712 1915 2814 1919 1564
  405 1612 1875 1628  225]
[1652  135 1666  165 1696  105 1748 1407 1450 1419 1460 1311 1550 1431
 1580 1443 1660 1921 2838 1927 1694  195 1708 1937 2862 1939 1690 1479
 1780 1943 2886 1945 1804  255 1862  345 1876 1551 1850 1957 2958 1961
 2910 1963 2982 1969 3048 1967 3030 1981 3090 1991 3066 1985 3102 2005
 1888  285 1892  375 1924]
[ 435 1952  465 1972  555 2048  615 2068 1491 1940 1581 1988 1593 2020
 1533 2050 1647 2044 2033 3144 2021 2108  645 2144 2041 3162 2047 2060
 1599 2140 2051 3186 2045 2132  705 2204  795 2212 1653 2150 2071 3198
 2059 3210 2077 3270 2101 3288 2117 3294 2119 3306 2095 3318 2105 3336
 2123 2236  885 2254  915]
[2272 1005 2312 1065 2324 1095 2332 1185 2336 1659 2180 1677 2260 1743
 2350 1749 2356 1245 2366 2147 3486 2155 2444 1335 2516 2149 3354 2159
 2492 1767 2528 2165 3498 2177 2596 1455 2656 1515 2684 1809 2540 2167
 3390 2171 3576 2173 3534 2183 3618 2189 3624 2191 3666 2195  144 2197
  324 2201 2668 1545 2716]
[1605 2756 1635 2788 1695 2812 1833 2828 1887 2620 1869 2650 1917 2740
 1947 2780 1971 2842 1905 2848 2215  192 2219 2852 1965 2888 2227 1458
 2231 2884 2001 2924 2245   72 2249 2948 2037 3068 2055 2996 2013 2890
 2257   60 2263   84 2279   90 2291   96 2285  108 2305  126 2315  132
 2317  150 2321 3038 2067]
[3052 2085 3104 2109 3124 2091 2950 2133 2980 2121 3020 2139 3050 2163
 3116 2187 3140 2193 3146 2235 3164 2323  156 2329 3172 2211 3232 2327
  198 2335 3196 2241 3212 2353  204 2359 3260 2247 3268 2265 3296 2289
 3340 2363  228 2369  234 2407  276 2395  294 2413  306 2419  342 2429
  348 2443  372 2435 3404]
[2301 3424 2337 3350 2373 3460 2343 3484 2397 3476 2379 3488 2403 3550
 2409 3556 2451 3580 2553 3572 2355 3596 2453  414 2449 3604 2445 3616
 2455  444 2461 3610 2613 3626 2483  486 2471 3620 2607 3668 2505 3652
 2619 3650 2479  492 2489  516 2491  522 2495  558 2497  564 2501  636
 2507  666 2509  708 2513]
[1024 2595 3692 2667 3718 2679   80 2697  112 2685  176 2703  208 2727
  272 2715  368 2739  304 2751  464 2769  496 2515  726 2537  512 2781
  592 2519  732 2533  656 2847  688 2545  738 2561  752 2829  848 2865
  944 2877  976 2563  774 2567  804 2569  846 2581  852 2573  876 2587
  948 2599  954 2603  996]
[2889 1072 2895 1136 2919 1168 2937 1250 2943 1264 2955 1328 2967 1424
 2985 1552 3009 1616 3051 1648 3021 1712 3081 1744 2605 1014 2611 1808
 3111 2032 2615 1062 2623 2096 3129 2192 2627 1068 2629 2224 3165 2384
 3171 2512 3201 2416 2641 1098 2651 1164 2653 1206 2669 1212 2681 1236
 2701 1278 2705 1284 2723]
[2608 3219 2672 3237 2768 3243 2864 3297 2896 3333 3056 3345 3088 3363
 3152 3399 3184 3405 3376 3417 3568 3423 3632 3429 3664 2735 1308 2743
  100 3441  196 2747 1314 2759  256 3435  484 2771 1356 2761  676 3477
 1156 3471 1444 3495 2116 2773 1422 2779 1494 2785 1524 2807 1572 2813
 1602 2815 1644 2827 1668]
[3507   40 3531 3364 3537   56 3567   88 3585  104 3597  128 3615  136
 3633  130 3621  152 3657   70 3699  110  729  154   45  182 2831 1734
 2863  170   99  184 2839 1746 2845  232   63  190 2867 1788 2855  238
   75  248  117  266  153  230 2869 1818 2881 1812 2885 1854 2893 1884
 2899 1926 2911 1956 2921]
[ 250  147  290  171  286  207  296  243  322  261  310  333  328  279
  344  363  370  369  374  387  376  477  406  423  418  531  410 2923
 1962 2929  424  507  430 2933 2004 2935  442  549  434 2941 2034 2951
  472  603  470  639  488  657  506 2947 2076 2959 2148 2965 2166 2977
 2172 2981 2286 2983 2292]
[ 711  494  747  518  801  530  867  536  873  568  909  574  927  584
  963  590  981  598 1017  610 1083  602 1143  632 1179  638 1233  646
 2987 2316 2993  658 1251  664 2995 2358 3005  682 1341  670 3007 2364
 3013  686 1359  712 1413  710 1467  730 3017 2388 3029 2466 3031 2502
 3035 2532 3043 2676 3047]
[ 742 1503  754 1557  776 1587  790 1611  782 1629  806 1719  808 1737
  814 1773  824 1791  826 1899  830 2007  854 2043  856 2061  872 2097
  874 3053 2682 3065  902 2151  904 3071 2718 3073  890 2169  938 3077
 2724 3085  946 2259  962 2313  970 2367  986 3091 2748 3095 2796 3097
 2826 3101 2868 3103 2892]
[2421  994 2439 1010 2493 1016 2523 1022 2529 1030 2547 1034 2637 1048
 2763 1054 2799 1066 2817 1070 2853 1090 2883 1096 2979 1102 3033 1106
 3123 1112 3107 2934 3127 1118 3141 1130 3113 3006 3131 1162 3177 1166
 3133 3012 3143 1178 3231 1192 3303 1208 3357 1222 3139 3084 3149 3114
 3151 3156 3155 3174 3161]
[1246 3411 1256 3447 1258 3501 1270 3573 1298 3609 1304 3681 1310   81
 1334   15 1336   21 1342   27 1358   33 1370   39 1384   51 1378   57
 1390   69 1394 3173 3222 3193 1406   87 1414 3197 3228 3205 1426  111
 1432 3199 3252 3215 1442   93 1448  123 1462  159 1474 3227 3258 3223
 3324 3233 3372 3235 3396]
[ 129 1490  141 1498  177 1510  183 1526  201 1528  213 1534  219 1544
  237 1558  249 1562  267 1570  303 1576  291 1582  309 1586  321 1592
  327 1598  339 1606 3239 3438 3241 1630  381 1634 3247 3474 3263 1670
  393 1688 3265 3516 3277 1702  411 1730  417 1738  447 1742 3269 3546
 3281 3582 3287 3684 3293]
[1778  453 1784  471 1786  489 1790  501 1798  519 1802  537 1810  573
 1816  543 1832  579 1826  591 1834  597 1846  633 1864  669 1886  681
 1898  687 1910  699 1912 3295   48 3317 1918  717 1928 3305  162 3337
 1930  723 1946 3341   36 3349 1958  753 1970  771 1978  789 1990 3353
   24 3365   42 3379   30]
[ 807 2006  813 2008  831 2014  843 2054  849 2056  879 2074  921 2086
  933 2104  939 2110  951 2114  993 2134 1011 2146 1041 2152 1047 2158
 1059 2162 1077 2168 1101 2198 3377   54 3383 2216 1119 2222 3385   66
 3397 2230 1137 2242 3403   78 3401 2248 1149 2264 1167 2266 1191 2270
 3409  102 3415  114 3419]
[2278 1203 2282 1227 2290 1257 2294 1263 2314 1293 2318 1299 2330 1317
 2338 1329 2344 1347 2354 1371 2378 1383 2390 1389 2398 1401 2410 1437
 2414 1461 2422 1473 2438 1497 2482 3421  138 3431 2456 1509 2486 3427
  174 3437 2488 1527 2494 3439  186 3443 2506 1563 2504 1569 2510 1623
 2522 3455  222 3473  246]
[1641 2534 1671 2536 1689 2542 1707 2546 1713 2570 1731 2626 1761 2630
 1779 2648 1797 2662 1803 2666 1821 2674 1839 2678 1851 2686 1857 2690
 1893 2696 1923 2698 1929 2702 1941 2710 3487  258 3493 2714 1959 2726
 3497  282 3503 2758 1977 2770 3521  318 3505 2774 1983 2776 2019 2782
 2031 2786 3523  354 3545]
[2792 2049 2794 2073 2806 2103 2810 2127 2822 2157 2824 2181 2830 2199
 2834 2217 2872 2229 2882 2253 2914 2271 2930 2283 2936 2307 2938 2319
 2954 2361 2984 2391 3002 2427 3014 2433 3026 3551  366 3563 3032 2463
 3034 3569  402 3587 3058 2469 3064 3589  426 3595 3074 2481 3070 2487
 3082 2517 3110 3601  438]
[2559 3112 2571 3122 2577 3130 2589 3154 2631 3170 2643 3176 2649 3178
 2661 3182 2721 3206 2733 3208 2757 3262 2787 3266 2811 3272 2823 3278
 2841 3286 2859 3298 2901 3302 2913 3310 2931 3322 3611  474 3599 3346
 2949 3352 3629  498 3635 3358 2973 3368 3641  534 3647 3370 2991 3374
 3027 3382 3039 3422 3649]
[3406 3057 3434 3063 3448 3093 3454 3099 3464 3117 3470 3147 3478 3153
 3490 3183 3502 3189 3512 3207 3514 3261 3526 3273 3530 3279 3538 3291
 3544 3309 3562 3327 3586 3351 3590 3369 3592 3387 3598 3653  582 3665
 3614 3453 3634 3661  606 3667 3638 3459 3656 3679  618 3683 3658 3489
 3670 3513 3674 3543 3682]
[3561 3686 3579 3688 3603 3704 3639 3706 3651   64 3669   20 3687   28
 3693   32 3695   44 3711   50 3707   52 3713   68    9   76 3715   92
   25   98  121  116   49  124  169  148  289  164  361  642  529  654
  841  172  961  678 1369  762 1681  188 1849  786 2209  822 2809  236
 3721  212 3481  242    3]
[ 244    5  268    7  284   11  292   13  316   17  332   19  338   23
  356   29  834   31  388   37  894   41  906   43  404   47  942   53
  978   59 1002   61 1038   67 1074   71 1086   73 1146   79 1158   83
 1182   89 1194   97 1266  101 1338  103 1362  107 1374  109 1398  113
 1434  127 1446  131  412]
[ 137 1506  139 1542  149 1578  151 1614  157 1626  163 1662  167 1686
  173 1698  179 1758  181 1842  191 1866  193 1878  197 1902  199 1986
  211 2022  223 2082  227 2094  229 2118  233 2154  239 2202  241 2238
  251 2274  257 2298  263 2334  269 2382  271 2406  277 2454  281 2514
  283 2526  293 2586  307]
[2598  311 2634  313 2658  317 2694  331 2742  337 2766  347 2778  349
 2802  353 2874  359 2922  367 2946  373 2994  379 3018  383 3054  389
 3126  397 3138  401 3246  409 3282  419 3342  421 3378  431 3414  433
 3426  439 3462  443 3522  449 3558  457 3594  461 3606  463 3642  467
 3678  479 3702  487 3714]
[491  12 499  18 503 428 509 436 521 452 523 508 541 524 547 548 557 556
 563 578 569 596 571 604 577 628 587 652 593 668 599 692 601 716 607 722
 613 724 617 764 619 772 631 788 641 796 643 844 647 892 653 908 659 916
 661 932 673 956 677 964 683]
[1004  691 1028  701 1052  709 1058  719 1076  727 1084  733 1108  739
 1124  743 1132  751 1172  757 1228  761 1244  769 1252  773 1268  787
 1324  797 1348  809 1388  811 1396  821 1412  823 1436  827 1468  829
 1492  839 1516  853 1532  857 1556  859 1588  863 1604  877 1636  881
 1676  883 1682  887 1684]
[ 907 1724  911 1732  919 1756  929 1772  937 1796  941 1828  947 1844
  953 1852  967 1868  971 1916  977 1922  983 1948  991 1964  997 1996
 1009 2012 1013 2036 1019 2084 1021 2092 1031 2164 1033 2188 1039 2228
 1049 2252 1051 2276 1061 2284 1063 2308 1069 2348 1087 2372 1091 2396
 1093 2404 1097 2428 1103]
[2452 1109 2468 1117 2476 1123 2524 1129 2564 1151 2572 1153 2588 1163
 2612 1171 2636 1181 2644 1187 2692 1193 2708 1201 2732 1213 2738 1217
 2764 1223 2804 1229 2836 1231 2876 1237 2908 1249 2932 1259 2956 1277
 2972 1279 3004 1283 3028 1289 3044 1291 3076 1297 3092 1301 3148 1303
 3188 1307 3236 1319 3244]
[1321 3284 1327 3292 1361 3308 1367 3316 1373 3356 1381 3362 1399 3412
 1409 3428 1423 3436 1427 3452 1429 3508 1433 3524 1439 3532 1447 3548
 1451 3628 1453 3644 1459 3676 1471 3698 1481 3716 1483   16 1487    6
 1489    8 1493   10 1499   14 1511   22 1523   26 1531   34 1543   38
 1549   46 1553   58 1559]
[  62 1567   74 1571   82 1579   86 1583   94 1597  106 1601  118 1607
  122 1609  134 1613  142 1619  146 1621  158 1627  166 1637  178 1657
  194 1663  202 1667  206 1669  214 1693  218 1697  226 1699  254 1709
  262 1721  274 1723  278 1733  298 1741  302 1747  314 1753  326 1759
  334 1777  346 1783  358]
[1787  362 1789  382 1801  386 1811  394 1823  398 1831  422 1847  446
 1861  454 1867  458 1871  466 1873  478 1877  482 1879  502 1889  514
 1901  526 1907  538 1913  542 1931  554 1933  562 1949  566 1951  586
 1973  614 1979  622 1987  626 1993  634 1997  662 1999  674 2003  694
 2011  698 2017  706 2027]
[ 718 2029  734 2039  746 2053  758 2063  766 2069  778 2081  794 2083
  802 2087  818 2089  838 2099  842 2111  862 2113  866 2129  878 2131
  886 2137  898 2141  914 2143  922 2153  926 2161  934 2179  958 2203
  974 2207  982 2213  998 2221 1006 2237 1018 2239 1042 2243 1046 2251
 1082 2267 1094 2269 1114]
[2273 1126 2281 1138 2287 1142 2293 1154 2297 1174 2309 1186 2311 1198
 2333 1202 2339 1214 2341 1226 2347 1234 2351 1238 2357 1262 2371 1282
 2377 1286 2381 1294 2383 1306 2389 1318 2393 1322 2399 1346 2411 1354
 2417 1366 2423 1382 2437 1402 2441 1418 2447 1438 2459 1454 2467 1466
 2473 1478 2477 1486 2503]
[1502 2521 1514 2531 1522 2539 1538 2543 1546 2549 1574 2551 1594 2557
 1618 2579 1622 2591 1642 2593 1646 2609 1654 2617 1658 2621 1678 2633
 1706 2647 1714 2657 1718 2659 1726 2663 1754 2671 1762 2677 1766 2683
 1774 2687 1814 2689 1822 2693 1838 2699 1858 2707 1874 2711 1882 2713
 1894 2719 1906 2729 1934]
[2731 1942 2741 1954 2749 1966 2753 1982 2767 1994 2777 2018 2789 2026
 2791 2038 2797 2042 2801 2062 2803 2066 2819 2078 2833 2098 2837 2102
 2843 2122 2851 2126 2857 2138 2861 2174 2879 2182 2887 2186 2897 2194
 2903 2206 2909 2218 2917 2234 2927 2246 2939 2258 2953 2302 2957 2306
 2963 2326 2969 2342 2971]
[2362 2999 2374 3001 2386 3011 2402 3019 2426 3023 2434 3037 2446 3041
 2458 3049 2462 3061 2474 3067 2498 3079 2518 3083 2554 3089 2558 3109
 2566 3119 2578 3121 2582 3137 2594 3163 2602 3167 2606 3169 2614 3181
 2638 3187 2642 3191 2654 3203 2722 3209 2734 3217 2746 3221 2762 3229
 2798 3251 2818 3253 2846]
[3257 2854 3259 2858 3271 2866 3299 2878 3301 2894 3307 2902 3313 2906
 3319 2918 3323 2942 3329 2962 3331 2966 3343 2974 3347 2978 3359 2986
 3361 2998 3371 3022 3373 3046 3389 3062 3391 3086 3407 3098 3413 3106
 3433 3118 3449 3134 3457 3142 3461 3158 3463 3166 3467 3194 3469 3202
 3491 3214 3499 3218 3511]
[3226 3517 3238 3527 3242 3529 3254 3533 3274 3539 3314 3541 3326 3547
 3334 3557 3338 3559 3386 3571 3394 3581 3398 3583 3418 3593 3442 3607
 3446 3613 3466 3617 3482 3623 3494 3631 3506 3637 3518 3643 3554 3659
 3566 3671 3574 3673 3578 3677 3602 3691 3622 3697 3646 3701 3662 3709
 3694 3719    4    1    2]

